178,181,0,0,0,0,1,0,0,0,0,0
232,236,0,0,0,1,0,1,0,1,1,0
151,152,0,0,0,0,0,0,0,0,1,0
1,20,0,0,0,0,1,0,0,0,0,0
49,51,0,1,0,0,0,1,0,0,0,0
156,167,1,1,0,1,1,1,1,1,1,1
3,15,0,0,0,0,0,0,0,0,0,0
11,23,0,0,0,0,0,0,0,0,1,0
24,28,0,0,0,0,0,0,0,0,0,0
163,165,0,1,0,0,0,0,0,0,0,1
0,38,1,1,1,1,1,1,1,1,1,1
245,266,0,0,0,1,0,0,1,0,1,0
4,30,0,0,0,0,0,0,0,0,0,0
11,33,0,0,0,0,0,0,0,0,0,0
115,116,0,0,1,0,0,0,0,1,0,0
128,137,1,0,0,0,0,0,0,0,0,0
67,74,0,0,0,0,0,0,0,0,0,0
240,241,0,0,0,0,0,0,0,0,0,0
3,27,0,0,0,0,0,0,0,0,0,0
151,166,0,0,0,0,0,0,0,0,0,0
139,147,0,0,0,0,0,0,0,1,1,0
215,233,0,0,0,0,0,0,0,1,0,0
180,188,0,1,0,0,0,0,0,0,0,0
16,22,0,0,0,0,0,0,0,0,0,0
23,29,0,0,0,0,0,0,0,0,0,0
212,224,0,0,0,1,0,0,0,0,0,0
195,209,1,0,0,0,0,1,0,1,0,1
41,59,0,0,0,0,0,0,0,0,0,1
32,35,0,0,0,0,0,0,0,0,0,0
221,227,0,0,0,0,1,1,1,0,0,0
188,192,0,0,0,0,0,0,0,0,0,0
225,234,1,1,1,1,1,1,1,1,1,0
39,48,0,0,0,0,0,0,0,0,0,0
217,230,0,0,0,0,1,1,0,0,0,0
42,49,0,0,0,0,0,0,0,0,0,0
45,47,0,0,0,0,0,0,0,0,1,0
239,241,0,0,0,0,0,0,0,0,0,0
174,190,0,0,0,0,0,0,0,0,0,0
239,254,0,1,1,1,1,1,1,1,0,1
210,224,0,1,0,0,0,0,0,0,0,0
49,58,0,0,0,0,0,0,0,0,0,0
258,260,0,0,0,1,0,0,0,0,0,0
109,113,0,0,0,0,0,0,0,0,0,0
228,230,0,0,0,0,0,0,0,0,1,0
12,16,0,0,0,0,0,0,0,0,0,0
24,27,0,0,1,0,0,0,0,0,1,0
183,193,0,0,0,0,0,0,0,0,0,0
118,133,0,0,1,0,0,0,0,1,0,0
211,236,0,0,0,0,1,1,0,1,0,0
11,34,0,0,0,0,0,0,0,0,0,0
33,37,0,0,0,0,0,0,0,0,0,0
50,53,1,1,1,1,1,1,1,1,1,1
128,138,0,0,0,0,0,0,0,1,0,0
240,248,0,0,0,0,0,0,0,0,0,0
7,35,0,0,0,0,0,0,0,0,0,0
21,35,0,0,0,0,0,0,0,0,0,0
144,146,0,0,0,0,0,0,0,0,0,0
119,124,0,0,0,0,0,0,0,0,0,0
200,206,0,0,0,0,0,0,0,0,0,0
88,96,1,1,1,1,1,1,1,1,0,1
155,165,0,0,0,0,0,0,0,0,0,0
79,82,0,0,0,1,0,0,0,0,0,0
197,208,0,0,0,0,0,0,0,0,1,0
70,83,1,1,1,1,1,1,1,1,1,1
224,225,1,1,0,0,1,1,0,1,1,1
41,50,0,0,0,0,0,0,0,1,0,0
169,189,0,0,0,0,0,0,0,0,0,0
174,177,0,0,0,0,1,0,0,0,0,0
29,34,0,0,0,0,0,0,0,0,0,0
123,142,0,0,0,0,0,0,1,0,0,0
120,125,0,0,0,0,0,0,0,0,0,0
173,175,0,0,1,0,0,0,0,0,0,0
217,232,0,1,0,0,0,0,0,0,0,0
9,11,0,0,0,0,0,0,0,0,0,0
122,147,1,0,1,0,0,0,1,0,0,0
246,247,1,0,0,1,0,0,0,0,0,1
27,38,0,0,0,0,0,0,0,0,0,0
3,8,0,0,1,0,0,0,0,0,0,0
107,111,0,0,0,0,0,0,0,0,0,0
231,233,0,0,1,0,0,0,0,0,0,0
100,112,0,0,0,0,0,0,0,0,0,0,0,0,0,0,0,0,0,0,0,0
10,33,0,0,0,0,0,0,0,0,0,0
138,145,0,0,0,0,0,0,0,1,0,0
23,27,0,0,0,0,0,0,1,0,0,1
129,133,0,0,0,0,0,0,0,0,0,0
239,240,0,0,0,1,0,0,1,0,0,0
64,80,0,0,0,0,0,0,0,0,0,0
195,196,1,0,0,0,0,0,0,0,0,0
71,80,0,0,0,0,0,0,0,0,0,0
256,265,0,1,0,0,1,0,1,0,1,0
41,57,0,0,0,0,0,0,0,0,0,0
29,33,0,0,0,0,0,0,0,0,0,0
7,17,0,0,0,0,0,0,0,0,0,0
20,32,0,0,0,0,0,0,0,0,0,0
149,154,0,0,0,0,0,0,0,1,0,1
164,168,1,0,0,0,0,0,0,0,0,0
213,221,0,0,0,0,1,0,0,0,0,0
45,49,0,0,0,0,0,0,0,0,1,0
5,6,0,0,0,0,1,0,0,0,0,0
9,16,0,0,0,0,0,0,0,0,0,0
156,159,0,0,0,0,0,0,0,1,0,0
69,82,0,0,0,0,0,0,0,0,1,0
225,229,0,0,0,1,1,1,1,1,0,1
126,133,0,0,0,0,1,0,0,0,0,0
27,33,0,0,0,0,0,0,0,0,0,0
182,184,0,0,0,0,0,0,0,0,0,0
240,255,0,0,0,0,0,0,0,0,0,0
231,234,0,1,0,0,0,1,0,1,1,0
233,238,0,0,0,0,0,1,0,0,0,0
218,228,0,0,0,0,0,0,0,0,1,0
114,146,0,0,0,0,0,0,0,0,0,0
43,56,0,0,1,0,0,0,0,0,0,0
256,258,0,0,0,0,0,0,0,0,0,0
150,152,0,0,0,1,0,0,0,0,0,1
253,261,1,0,0,1,0,0,0,0,0,1
24,35,0,0,0,0,0,0,0,0,0,0
18,27,0,0,0,1,0,1,1,0,0,0
22,24,1,1,0,1,1,1,1,1,1,1
88,98,0,0,0,0,0,0,0,0,0,0
116,128,0,0,0,0,0,0,0,0,0,0
115,136,0,0,0,0,0,0,0,0,0,0
211,220,0,0,0,0,0,0,0,1,0,0
71,87,0,0,0,0,0,0,0,0,0,0
249,250,0,0,0,0,0,1,0,0,0,0
169,192,0,0,0,0,0,0,1,0,0,0
41,60,0,0,0,0,0,0,0,1,0,0
117,134,0,0,0,0,0,0,0,0,0,0
67,84,0,0,0,0,0,0,0,0,0,0
2,32,0,0,0,0,0,0,0,0,0,0
149,153,1,0,1,1,0,1,0,1,1,0
213,235,1,0,0,0,0,0,0,0,1,0
164,167,0,0,1,0,1,0,0,0,0,0
16,36,1,1,1,1,1,1,1,1,1,1
88,102,0,0,0,0,0,0,0,0,0,0
6,18,0,0,0,0,0,0,0,0,0,0
51,62,0,0,0,0,0,0,0,0,0,1
44,53,0,0,0,1,0,0,0,1,0,0
114,133,0,0,0,0,0,0,0,0,0,0
264,265,0,1,0,1,1,0,0,0,0,0
240,252,0,1,1,1,1,0,1,1,0,0
152,153,0,0,0,0,0,0,0,0,0,1
242,260,0,0,0,0,0,0,0,0,0,0
48,56,0,0,1,0,0,0,0,0,1,0
77,79,0,0,0,0,0,1,0,0,0,0
43,59,0,0,0,0,0,0,0,0,0,0
150,155,1,0,1,0,0,0,0,0,0,0
134,137,0,0,0,0,0,1,0,0,0,0
183,188,0,0,0,0,1,0,0,0,0,0
1,11,0,0,0,0,0,0,0,0,0,0
25,32,0,0,0,0,0,0,0,0,0,0
18,20,0,0,0,0,0,1,0,0,0,0
15,32,0,0,0,0,0,0,0,0,0,0
4,8,0,0,0,0,0,0,0,0,0,0
19,38,0,0,0,0,0,0,0,0,0,0
7,28,0,0,0,0,0,0,0,0,0,0
228,233,0,0,0,0,0,0,0,0,0,0
64,79,0,0,0,0,0,0,0,0,0,0
2,35,0,0,0,0,0,0,0,0,0,0
244,252,0,1,0,0,1,0,1,0,0,0
218,236,0,0,0,0,0,0,0,0,1,0
16,31,0,0,0,0,0,0,0,0,0,0
9,25,0,0,0,0,0,1,0,0,0,0
177,184,0,0,0,0,0,0,0,0,1,1
6,17,0,0,0,0,0,0,0,0,0,0
123,125,0,0,0,0,1,1,0,0,0,0
216,222,0,0,0,0,0,0,0,0,0,0
17,25,0,0,0,0,0,0,0,0,0,0
44,54,0,0,0,0,0,0,0,0,0,0
259,266,0,0,0,0,0,0,0,1,0,0
132,143,0,0,0,0,0,0,0,0,0,0
124,129,1,0,0,0,0,0,0,1,0,0
246,265,1,0,0,0,0,1,1,0,0,0
222,232,0,0,0,0,0,0,0,1,0,1
0,25,0,0,0,0,0,0,0,0,0,0
233,236,1,0,1,0,1,1,1,0,1,0
127,137,1,0,0,0,0,0,0,0,0,0
170,190,0,0,0,0,0,0,0,0,0,0
126,143,0,0,0,0,1,1,1,1,0,0
49,61,0,0,0,0,0,0,0,0,0,0
119,139,0,0,0,1,0,0,0,0,0,0
105,110,0,0,0,0,0,0,0,0,0,0
1,16,0,0,0,0,0,0,0,0,0,0
249,252,0,0,0,0,0,0,0,0,0,0
187,193,0,1,0,0,0,0,1,0,0,0
18,29,0,0,0,0,0,0,0,0,0,0
28,34,0,0,0,0,0,0,0,0,0,0
0,17,0,0,0,0,0,0,0,0,0,0
242,262,0,0,0,1,0,0,0,0,0,0
68,86,0,0,0,0,0,0,0,0,0,0
19,31,0,0,0,0,1,0,0,0,0,0
184,185,0,0,0,0,0,0,1,0,0,0
179,193,0,0,0,0,1,0,0,0,0,0
17,27,0,0,0,0,0,0,0,0,0,0
214,233,1,0,0,0,1,0,0,0,1,0
220,229,0,0,0,0,0,0,0,1,1,1
63,69,0,0,1,0,0,0,0,0,0,0
7,23,0,0,0,1,0,0,0,0,0,0,1,0,0,0,1,0,0,0,0,0
137,140,1,0,0,0,0,0,0,0,0,1
16,38,0,0,0,0,0,0,0,0,0,0
53,60,0,0,0,0,0,0,0,0,0,0
221,233,0,0,0,0,0,0,0,1,0,1
131,142,1,0,0,0,0,0,0,0,0,0
210,216,1,0,0,0,0,0,0,0,0,0
212,227,0,1,1,1,1,0,1,1,0,1
257,258,1,0,0,1,0,0,0,0,0,1
8,12,1,0,1,1,1,0,1,0,0,1
127,128,0,0,0,1,1,1,0,0,1,0
48,58,0,0,0,0,0,0,0,0,0,0
54,57,0,0,0,0,0,0,0,0,0,0
45,57,0,0,0,0,0,0,0,0,0,0
118,122,0,1,0,0,0,0,0,0,0,0
150,165,1,1,1,1,1,1,1,1,1,1
5,26,0,0,0,0,0,0,0,0,0,0
26,30,0,0,0,0,0,0,0,0,0,0
3,5,0,0,0,0,0,0,0,0,0,0
202,209,0,0,0,0,0,0,0,1,0,0
51,59,1,1,1,1,1,1,1,1,1,1
172,177,0,0,0,0,0,0,0,0,0,0
247,261,0,0,0,1,0,1,0,0,0,0
72,76,0,0,0,1,0,0,0,0,0,0
14,26,0,0,0,0,0,0,0,0,0,0
92,100,0,0,0,0,0,0,0,0,0,0
215,219,0,0,1,1,0,1,0,0,1,0
215,225,0,1,0,0,1,0,1,0,1,0
8,23,0,0,0,0,0,0,0,0,0,0
31,34,0,0,0,0,0,0,0,0,0,0
179,181,1,0,0,0,0,0,0,1,0,0
227,229,0,0,0,1,0,0,0,1,1,1
96,104,0,0,0,0,1,0,0,0,0,0
255,266,0,1,0,0,0,0,0,0,0,0
182,190,0,0,0,0,0,0,0,0,0,1
186,188,0,0,0,0,0,1,0,0,0,0
90,97,0,0,0,0,0,0,0,0,0,0
8,15,0,0,0,0,0,0,0,0,0,0
83,85,0,0,0,0,0,0,0,0,0,0
140,145,0,0,0,0,0,0,0,0,0,0
121,128,0,0,1,1,0,0,1,0,0,0
119,123,0,0,0,0,0,0,0,0,0,1
185,191,0,0,0,0,0,0,0,0,0,0
159,167,0,0,0,0,1,0,0,0,0,1
240,260,1,1,1,1,1,1,1,1,1,1
14,32,0,0,0,0,0,0,0,0,0,0
17,32,0,0,0,1,0,0,0,0,0,0
13,22,1,0,0,0,0,0,0,0,0,0
18,35,0,0,0,0,0,0,0,0,0,0
222,237,1,1,1,1,1,1,1,1,1,0
92,110,1,1,1,1,1,1,1,1,1,1
252,262,0,0,0,0,0,0,0,0,1,0
116,132,0,0,0,1,1,0,0,0,0,0
136,144,1,1,1,1,1,1,1,1,1,1
92,109,0,0,0,0,0,0,0,0,0,0
84,87,0,0,0,0,0,0,0,0,0,0
66,74,0,0,0,0,0,0,0,0,0,0
213,230,0,0,0,1,1,0,1,0,0,1
30,37,0,0,0,0,0,0,0,0,0,0
250,258,1,1,1,1,1,1,1,1,1,1
117,127,0,0,0,0,0,0,1,0,1,0
46,53,0,0,1,0,0,0,0,0,0,0
57,61,0,0,0,0,0,0,0,0,1,0
255,261,0,0,0,0,1,0,1,0,0,1
89,107,0,0,0,0,0,0,0,0,0,0
181,189,0,0,0,0,0,0,0,0,0,0
249,266,1,1,1,1,1,1,0,1,0,1
119,144,0,1,0,0,0,0,0,0,0,0
157,165,0,0,1,0,0,0,0,0,0,0
47,56,0,0,0,0,0,0,0,0,0,0
40,41,0,0,0,0,0,0,1,0,1,0
67,83,0,0,0,0,0,0,0,0,0,0
122,137,0,0,0,0,0,0,0,0,0,0
119,148,0,0,0,0,1,0,0,0,0,0
91,104,0,0,0,0,0,0,0,0,0,0
93,110,0,0,1,0,0,0,0,0,0,0
107,109,0,0,0,0,0,0,0,0,0,0
1,32,0,0,0,0,0,0,0,0,0,0
105,109,0,0,0,0,0,0,0,0,0,0
65,86,0,1,0,0,0,0,0,0,0,0
173,179,0,0,0,1,0,1,0,0,0,0
13,25,0,0,0,0,0,0,0,1,1,0
243,246,0,0,0,1,0,0,0,0,1,0
121,132,0,0,1,0,0,0,0,0,0,0
116,135,0,0,0,1,0,0,0,0,0,0
230,236,1,1,0,0,0,0,0,0,0,0
95,100,0,1,0,0,0,0,0,0,0,0
114,115,0,0,0,0,0,0,0,0,0,0
97,108,0,0,0,0,0,0,0,0,0,0
43,52,0,0,0,1,1,0,0,0,0,1
251,263,0,0,0,0,0,1,0,0,0,0
180,193,0,0,0,0,0,0,0,0,0,0
102,108,0,0,0,0,0,1,1,0,1,0
73,82,0,0,0,0,0,0,0,0,0,0
250,257,0,0,0,0,0,0,0,0,0,0
155,161,0,1,0,0,0,0,0,0,0,0
108,111,0,0,0,0,0,0,0,0,0,0
198,207,0,0,0,0,0,1,0,0,0,0
98,102,0,0,0,1,0,0,0,0,0,0
43,49,0,0,0,0,0,0,0,0,1,1
3,36,1,1,1,0,1,1,1,1,1,1,1,1,1,1,0,1,1,1,1,1
119,130,0,0,0,0,0,0,1,0,0,0
212,234,0,1,1,0,0,0,0,1,1,0
196,199,0,0,0,0,0,0,1,0,0,0
150,163,1,0,0,1,0,0,0,0,0,0
101,106,0,0,0,0,1,0,0,1,0,0
118,143,0,0,1,0,0,0,0,0,0,0
47,51,0,0,0,0,0,0,0,0,0,0
214,222,0,1,0,0,0,0,0,0,0,0
141,147,0,0,0,0,0,0,0,0,0,0
130,132,0,0,0,0,1,1,0,0,0,0
248,266,0,0,0,1,1,0,0,0,0,1
245,256,1,0,0,0,0,0,0,0,0,0
163,168,1,1,1,1,1,1,1,1,1,1
80,84,0,0,0,0,0,0,0,0,0,0
5,33,0,0,0,1,0,0,0,0,0,0
116,146,0,0,0,0,1,1,1,0,0,0
205,208,0,0,0,0,0,0,1,0,0,0
19,21,0,1,0,0,0,1,0,1,0,0
3,31,0,0,0,0,0,0,0,0,0,0
152,164,0,0,0,0,0,0,0,0,0,0
111,112,1,1,1,1,1,1,1,1,1,1
135,144,0,0,0,0,0,0,0,0,0,0
22,33,0,0,0,0,0,1,0,0,0,0
243,265,0,0,0,1,1,0,0,0,0,1
6,30,1,1,1,1,1,1,1,1,1,1
117,143,1,0,1,1,0,0,0,0,0,0
97,112,1,0,0,1,1,1,1,1,1,1
114,132,0,0,0,0,0,0,0,0,0,0
102,103,1,1,1,1,1,1,1,1,1,1
211,232,0,0,0,0,0,1,0,0,0,0
172,185,0,0,0,0,0,0,0,1,0,0
92,97,0,0,0,0,0,0,0,0,0,0
115,129,0,0,1,0,1,0,1,0,0,0
186,194,0,0,0,0,0,0,1,0,0,1
195,199,0,0,0,0,0,0,0,0,0,0
69,71,1,1,1,1,1,1,1,1,1,1
221,234,0,0,0,0,0,0,1,1,1,0
88,113,0,0,0,0,0,0,0,0,0,0
226,233,0,0,0,0,1,0,0,0,0,0
219,226,1,1,1,1,1,0,1,1,1,1
106,107,0,0,0,0,0,0,0,0,1,0
75,82,1,1,1,1,1,1,1,1,1,1
219,233,0,1,0,0,0,0,0,0,1,0
39,57,0,0,0,0,0,0,0,0,0,0
133,146,0,0,1,0,0,0,0,0,0,0
177,190,0,0,0,0,0,0,0,0,0,0
130,135,0,0,0,0,0,0,0,0,0,0
90,110,0,1,0,0,0,0,0,0,0,0
245,259,0,0,0,0,0,0,0,0,0,0
80,83,0,0,0,0,0,0,0,0,0,0
172,179,0,0,0,0,0,0,0,0,0,0
246,261,0,0,0,0,0,0,0,0,0,1
211,217,0,0,1,0,0,1,0,0,0,0
25,28,0,0,0,1,0,0,0,0,0,0
19,28,0,0,0,0,0,0,0,0,0,0
173,194,1,0,0,0,0,0,1,0,0,0
135,143,0,0,0,0,0,0,0,1,0,0
22,38,0,0,0,0,0,0,0,0,0,0
97,106,0,0,0,0,0,0,0,0,0,0
18,30,0,0,0,0,0,0,0,0,0,0
221,223,1,0,0,0,0,0,0,0,0,0
244,264,0,1,0,0,0,1,0,0,0,0
11,18,0,0,0,0,1,0,0,0,0,0
73,75,0,0,0,0,0,0,0,0,0,0
153,166,0,0,0,0,0,0,0,0,1,1
172,182,0,0,1,0,0,0,0,0,0,0
252,259,0,0,1,0,0,0,0,1,0,0
244,246,0,0,1,0,0,0,1,0,1,0
69,78,1,1,1,1,1,1,1,1,1,1
171,185,0,1,0,0,0,0,0,1,0,0
124,147,0,1,0,0,0,0,0,0,0,0
210,232,1,0,0,0,0,0,0,0,0,0
2,26,0,0,0,0,0,0,0,0,0,0
226,237,1,0,0,0,0,0,0,0,0,0
88,109,0,0,0,0,0,0,0,0,0,1
117,119,0,0,0,0,0,0,0,0,0,0
119,126,0,0,0,0,0,0,0,0,0,0
223,230,0,0,0,0,0,0,1,0,0,0
39,58,0,0,0,0,0,0,0,0,0,0
8,38,0,0,0,0,0,0,0,0,0,0
133,141,0,0,0,1,0,0,0,0,0,0
154,162,0,0,0,0,0,0,0,0,0,1
228,231,1,1,1,0,0,0,0,0,1,1
174,188,0,0,0,0,0,0,0,0,0,0
93,101,1,0,0,0,0,0,0,0,0,0
218,235,0,0,0,0,0,0,0,1,0,0
76,79,0,0,0,0,0,0,0,0,0,0
116,148,0,0,0,0,0,1,0,0,0,0
4,27,0,0,0,0,1,0,0,0,0,0
13,36,0,0,0,0,0,0,0,0,0,0
142,145,0,0,0,0,0,0,0,0,0,0
134,140,0,0,0,0,0,0,0,0,0,1
23,33,0,0,0,0,1,0,0,0,0,0
241,263,0,0,0,0,0,0,0,0,0,1
15,23,1,0,0,0,0,0,0,0,0,0
219,228,0,0,0,0,0,0,0,0,1,0
12,36,0,0,0,0,0,0,0,0,0,0
77,84,0,0,0,0,0,0,0,0,0,0
173,185,0,1,0,0,0,0,0,1,0,0
222,230,0,1,0,0,0,1,0,1,0,1
115,127,1,1,1,1,1,1,0,1,1,1
196,201,0,0,0,0,0,0,0,0,0,0
130,144,0,0,0,0,0,0,0,0,0,0
201,206,0,0,0,0,0,0,0,0,0,1
10,18,0,0,0,0,0,0,0,0,0,0
213,217,0,0,0,0,0,0,0,0,1,0
125,140,1,0,0,0,0,0,0,0,0,0
224,233,0,0,0,0,0,0,0,0,0,1
63,73,0,0,0,0,0,0,0,1,0,0
106,109,0,0,0,0,0,0,0,0,0,0
215,234,1,0,0,0,1,0,0,0,1,1
195,202,0,0,0,0,0,0,0,0,0,0
199,207,0,0,0,0,0,0,0,0,0,0
254,266,0,1,0,0,0,0,0,1,0,0
123,133,0,0,0,0,0,0,0,0,0,0
174,181,0,0,0,0,0,0,0,1,0,0
227,235,1,0,0,0,0,0,0,0,1,0
171,190,1,0,0,0,0,0,0,0,0,0
41,47,0,0,0,0,0,1,0,0,0,0
121,139,0,0,1,0,0,0,0,0,0,0
4,28,0,0,0,0,0,0,0,0,0,0
31,36,0,0,0,0,0,0,0,1,0,0
169,193,0,0,0,0,0,1,0,0,0,0,0,0,0,0,0,0,0,0,0,0
177,194,0,1,0,0,0,0,1,0,0,0
17,18,0,0,0,0,0,0,0,0,0,0
30,32,0,1,0,0,0,0,0,0,0,0
116,119,0,0,0,0,0,1,0,0,0,0
225,232,0,1,0,0,0,0,1,1,0,0
10,29,0,0,0,0,0,0,0,0,0,1
42,52,0,0,0,0,0,1,0,0,0,0
11,16,0,0,0,0,0,0,0,0,0,0
104,113,0,0,1,0,0,0,0,0,0,0
219,220,0,1,0,0,1,1,1,0,0,0
15,37,0,0,0,0,0,0,0,0,0,0
6,25,0,0,0,0,0,0,0,0,0,0
90,104,1,1,1,1,1,1,1,1,1,1
13,14,0,0,0,0,0,0,0,0,0,0
46,60,0,0,0,0,0,0,0,0,0,0
223,227,0,0,0,0,0,1,0,0,0,0
10,13,0,0,0,0,1,0,0,0,0,0
64,67,0,0,0,0,0,0,0,0,0,0
224,238,0,0,0,0,0,0,0,1,0,0
229,237,1,1,1,1,1,1,0,1,1,1
214,218,1,1,0,1,0,0,0,0,0,1
247,251,0,1,1,0,0,1,0,0,1,0
211,228,0,0,0,0,0,0,0,1,0,0
8,36,0,0,0,0,0,0,0,0,0,0
9,38,0,1,0,0,0,0,0,0,0,0
153,165,0,0,0,0,0,0,0,0,0,0
175,182,0,0,0,0,1,0,0,0,0,0,0,0,0,1,0,0,0,0,0,0
158,164,0,0,0,1,0,0,0,0,0,0
5,15,0,0,0,0,0,0,0,1,0,0
80,87,1,1,1,1,1,1,1,1,1,1
125,130,1,1,1,0,1,1,1,1,0,1
216,237,0,1,0,0,0,0,0,0,0,0
40,44,0,0,0,0,0,0,0,0,0,0
230,231,0,0,0,0,0,1,0,0,0,0
208,209,1,0,0,0,0,0,0,0,0,0
120,144,0,0,0,1,0,0,0,0,0,0
245,249,0,1,1,0,0,0,0,0,0,0
89,91,0,0,1,0,0,0,0,0,0,0
13,17,0,0,0,0,0,0,0,0,0,0
10,22,0,0,0,0,0,0,0,0,0,0
12,23,0,0,0,0,0,0,0,0,0,0
116,143,0,0,0,0,0,0,0,0,0,0
239,261,1,1,1,1,1,1,0,1,1,1
15,30,0,0,0,0,0,0,0,0,0,0
78,86,0,0,0,0,0,0,0,0,0,0
39,40,0,1,0,0,1,1,0,0,0,0
211,215,1,0,0,0,0,0,0,0,0,0
152,159,0,0,0,0,0,0,0,0,1,0
223,228,0,1,1,0,0,0,0,0,0,0
179,188,0,0,0,0,0,0,0,0,0,0
171,178,0,1,0,0,0,0,0,1,0,0
2,14,0,0,0,0,0,0,0,0,0,0
115,147,0,0,0,0,0,0,1,0,0,0
185,187,0,0,0,0,0,0,0,0,0,0
90,95,0,0,0,0,0,0,0,0,0,0
210,227,0,1,0,0,0,0,0,1,0,0
247,258,0,0,0,0,0,0,0,0,1,1
100,108,0,0,0,0,0,0,0,0,0,0
222,225,0,1,0,0,0,1,0,1,1,0
9,31,1,0,1,0,0,0,0,0,0,0
260,266,0,0,0,0,0,1,0,0,0,0
175,189,0,0,0,0,0,0,1,0,0,0
20,27,0,0,0,0,0,0,0,0,1,0
5,12,1,1,1,1,0,1,0,0,1,0
124,137,0,0,0,0,0,0,0,0,0,0
4,13,0,0,0,0,0,0,0,0,0,0
40,43,1,1,1,0,1,1,1,1,1,0
241,257,0,0,0,0,0,0,0,0,0,0
178,187,0,0,0,0,0,0,0,1,0,0
262,265,0,0,0,1,1,0,0,1,0,0
211,216,1,1,1,1,1,1,1,1,1,1
245,246,1,1,0,1,1,1,0,1,0,0
156,161,0,1,0,0,1,0,0,0,0,1
11,25,1,1,1,1,1,1,1,1,1,1
242,254,0,0,1,0,0,0,0,0,0,0
12,28,0,0,0,0,0,0,0,0,0,0
0,32,0,0,0,0,0,0,0,0,0,0
39,62,0,0,0,0,0,0,1,0,0,0
94,100,0,0,0,0,0,0,0,0,0,0
115,117,0,1,0,0,1,0,0,0,0,0
67,72,0,0,0,0,0,0,0,0,0,0
127,146,0,1,0,0,0,0,0,0,0,0
243,266,0,0,0,1,0,1,0,0,0,0
20,38,1,0,1,0,0,0,0,0,0,0
139,141,0,0,0,0,0,0,0,0,1,0
251,265,0,0,1,1,0,0,1,0,1,0
114,148,0,0,0,0,0,0,1,0,0,0
1,27,0,0,0,0,0,0,0,0,0,0
65,74,0,0,0,0,0,0,0,0,0,0
49,50,0,0,0,0,0,0,0,0,1,0
197,205,0,0,0,0,0,0,0,0,0,0
73,86,0,0,0,0,0,0,0,0,0,0
91,93,0,0,1,1,0,0,0,0,0,0
128,142,1,0,0,0,0,0,0,0,0,0
170,184,0,0,0,0,0,0,0,0,0,0
244,260,0,1,0,0,0,0,0,0,1,0
39,42,0,0,1,0,0,0,1,0,0,0
124,130,0,1,0,0,0,0,0,0,1,0
216,221,0,0,0,0,0,0,0,0,0,0
120,130,0,0,0,0,0,0,0,0,0,0
120,128,0,0,1,0,0,0,0,0,0,0
42,47,1,0,1,0,0,0,1,0,0,0
20,35,0,0,1,0,0,0,0,0,0,0
116,123,1,0,0,0,0,0,0,0,0,1
232,237,0,0,0,0,0,0,0,0,0,1
210,225,0,0,0,1,0,0,0,1,0,0
1,21,0,0,0,0,0,0,0,0,0,0
49,52,1,1,1,1,1,1,1,1,1,1
156,166,0,0,1,0,0,0,0,0,1,1
11,22,0,0,0,0,0,0,0,0,0,0
3,14,1,1,1,1,1,1,1,0,1,1
24,29,0,0,1,0,0,0,0,0,0,0
119,125,0,0,0,0,0,1,0,0,0,0
245,265,1,0,0,0,0,0,0,1,0,1
4,31,0,0,0,0,0,0,0,0,0,0
225,226,1,0,0,0,0,0,0,0,0,1
11,32,0,0,0,0,0,0,0,0,0,0
128,136,0,0,0,0,0,0,0,0,0,0
67,75,0,0,0,0,0,0,0,0,0,0
240,246,0,0,0,0,0,0,0,0,1,1
20,31,1,1,1,1,1,0,1,1,0,1
151,167,0,0,0,0,0,0,0,0,0,0
139,148,0,0,0,0,0,0,0,0,0,0
16,25,0,0,0,0,0,0,0,0,0,0
23,28,0,0,0,0,0,0,0,0,0,0
155,164,0,0,0,0,0,0,0,0,1,0
180,181,0,0,0,0,0,0,0,0,0,1
183,186,0,0,0,0,0,0,0,0,0,0
169,183,1,1,1,1,1,1,1,1,1,1
221,226,1,1,0,1,0,0,0,0,0,0
188,191,0,0,1,0,0,0,0,0,0,0
225,235,0,1,1,0,1,0,1,0,0,0
39,49,0,0,0,0,0,1,0,0,1,0
124,139,0,0,0,0,0,0,0,0,0,0
166,167,0,0,0,0,0,0,0,0,0,0
45,46,0,0,0,0,0,0,0,0,0,0
173,176,0,0,0,0,0,0,0,0,0,0
210,217,1,1,1,1,1,1,1,1,1,1
174,191,0,0,1,0,0,0,0,0,0,0
239,257,1,0,0,0,0,0,0,0,0,0
49,59,0,0,1,0,0,0,0,1,1,0
258,263,0,0,0,0,0,0,0,0,0,0
12,17,0,0,0,0,0,0,0,0,1,0
183,190,0,0,0,0,0,0,0,0,0,0
19,23,1,1,1,0,1,1,1,1,1,1
206,207,0,0,0,0,0,0,0,0,0,0
14,15,0,0,0,0,0,0,0,0,0,1
100,113,0,0,0,0,0,0,0,0,0,0
33,36,0,0,0,0,0,1,0,0,0,0
228,236,0,0,0,0,0,0,0,1,0,0
256,257,0,0,0,1,1,0,0,0,0,0
240,249,0,0,0,0,0,0,0,0,0,0
7,34,0,0,0,0,1,0,0,0,0,0
251,260,0,0,0,0,0,0,0,0,0,0
144,147,0,0,0,0,0,0,0,0,0,0
127,134,0,0,0,0,0,0,0,0,1,0
0,34,0,0,0,0,0,1,0,0,0,0
88,95,1,0,0,0,0,0,0,0,0,0
68,71,0,0,1,0,1,0,0,0,1,0
64,83,0,0,0,0,0,0,0,0,0,0
108,110,0,0,0,0,0,0,0,0,0,0
70,82,0,0,0,0,0,0,0,0,0,0
162,165,0,0,0,0,0,0,0,0,0,0
41,51,0,0,1,0,0,0,0,0,0,0
169,188,0,0,0,0,0,0,1,0,0,0
29,35,0,0,0,0,0,0,0,0,0,1
123,141,0,0,0,0,0,0,0,1,0,0
68,77,0,0,0,0,0,0,0,0,0,0
120,126,0,0,0,0,0,0,0,0,0,0
213,216,1,0,0,0,1,0,0,0,0,0
9,10,0,0,0,0,0,0,0,0,0,0
156,158,0,0,0,0,0,0,0,0,0,0
228,229,0,0,0,0,0,0,0,0,0,0
42,55,0,0,0,0,0,0,0,0,0,0
231,237,0,0,0,0,0,1,1,0,1,0
216,238,0,0,0,0,0,0,1,0,0,0
119,138,0,0,1,0,0,0,0,0,0,0
231,232,1,0,0,0,0,0,0,0,1,0
216,235,0,0,0,0,0,0,0,1,0,0
176,182,0,0,0,0,0,0,0,0,0,0
10,34,0,0,0,0,0,0,0,0,0,0
150,158,1,1,0,1,0,1,0,1,1,0
216,218,1,0,0,0,0,0,0,0,0,1
138,144,1,1,1,1,0,1,1,1,0,1
24,33,0,0,0,0,1,0,0,0,0,0
23,26,1,1,1,0,1,1,1,1,1,1
129,134,0,0,0,0,0,0,0,0,0,0
116,122,0,0,0,0,0,0,1,0,0,0
71,81,0,0,0,0,0,0,0,0,0,0
256,264,0,0,0,0,0,0,0,1,0,0
157,168,0,0,0,0,0,0,0,1,0,0
7,16,0,0,0,0,0,0,0,0,0,0
2,38,1,1,1,1,1,1,1,1,0,1
68,70,0,0,0,0,0,0,0,0,0,0
149,155,0,0,0,0,0,0,0,0,0,0
243,250,0,0,0,0,0,0,0,0,0,1
213,222,0,1,0,0,0,1,0,0,1,0
45,48,0,0,0,0,0,0,1,0,0,0,0,1,0,0,0,0,1,0,0,0
176,185,0,0,0,0,0,0,0,0,0,0
212,226,0,1,0,0,0,0,0,0,1,0
9,19,0,0,0,0,0,0,0,0,0,1
44,59,0,0,0,0,0,0,0,0,0,0
69,85,0,0,0,0,0,0,0,0,0,0
225,228,0,0,0,0,0,0,0,0,0,1
126,132,0,0,0,0,0,0,0,0,0,0
169,178,1,1,0,0,0,0,0,0,0,0
27,30,0,0,0,0,0,0,0,0,0,0
182,185,1,1,1,1,1,1,1,1,1,1
240,254,0,0,0,0,1,0,0,0,0,1
242,263,1,1,1,1,1,1,0,1,1,1
55,60,0,0,0,0,0,0,0,0,0,0
43,57,1,0,0,0,0,0,0,0,0,0
207,208,1,1,1,1,1,1,1,1,1,1
256,259,0,0,0,0,0,0,0,0,0,1
81,87,0,0,0,0,0,0,0,0,0,0
150,153,0,0,0,0,0,0,0,0,1,1
183,189,0,0,0,0,0,0,0,0,0,0
253,262,0,0,0,0,0,0,0,1,0,0
24,34,0,0,0,0,0,0,0,1,0,0
18,26,0,0,0,0,0,0,0,0,0,0
22,25,0,0,0,0,0,0,0,0,0,0
239,248,0,0,0,0,0,0,0,0,0,0
115,135,0,0,0,0,0,0,0,0,0,0
211,221,0,0,0,0,0,0,1,0,0,0
91,96,0,0,0,0,0,0,0,0,0,0
169,181,0,0,0,0,1,0,1,0,0,0
117,137,0,0,0,0,0,0,0,0,0,1
64,77,1,1,1,1,1,1,1,1,1,0
2,33,0,0,0,0,0,0,0,0,0,0
68,79,0,0,0,0,0,0,0,0,0,0
82,86,1,1,1,1,1,1,1,1,1,1
16,37,1,1,1,1,1,1,1,1,1,1
53,59,0,1,0,0,0,1,0,1,0,0
177,182,0,0,0,0,0,0,1,0,0,0
6,19,0,0,1,0,0,0,0,0,0,0
212,218,0,1,0,0,0,0,0,0,1,0
95,113,0,0,0,0,0,0,0,0,0,0
44,52,0,0,0,1,0,0,0,0,0,0
132,145,0,0,0,0,0,0,0,0,0,0
254,257,0,0,0,1,0,1,0,0,0,1
243,256,1,0,0,0,0,0,0,0,1,0
152,154,0,0,0,0,0,0,0,0,0,0
236,237,0,1,0,1,0,0,0,1,0,1
48,55,0,0,0,0,0,0,0,0,0,0
77,78,0,0,0,0,0,0,0,0,0,0
7,20,1,1,0,1,1,1,1,0,0,1
1,10,0,0,0,0,0,1,0,0,0,0
25,33,0,0,0,0,0,0,0,0,0,0
70,75,0,0,0,0,0,0,0,0,0,0
170,177,1,1,0,1,1,1,1,1,0,1
68,81,0,0,0,0,0,0,0,0,1,0
74,79,0,0,0,0,0,0,0,0,0,0
241,245,0,0,0,0,0,0,0,0,0,0
250,266,0,0,0,0,0,0,0,1,0,0
214,232,0,0,0,0,0,0,0,0,0,0
5,8,1,1,1,1,1,1,1,1,1,1
7,29,0,0,0,0,0,0,0,0,0,0
253,255,0,0,0,1,0,0,0,1,0,1
146,148,0,0,0,1,0,0,0,0,0,0
64,78,0,0,0,0,0,0,0,0,0,0
244,255,1,0,0,0,0,0,0,0,0,0
9,26,1,0,0,0,0,0,0,0,0,0
177,185,0,0,0,0,0,0,0,0,0,0
6,10,0,0,0,0,0,0,0,0,0,0
217,231,0,0,0,0,0,0,0,0,0,0
132,142,0,0,0,0,0,0,0,0,0,0
169,176,0,0,0,0,0,0,0,0,0,0
186,187,0,0,0,0,0,0,0,1,0,0
0,24,0,0,0,0,0,0,0,0,0,0
94,109,0,1,1,0,1,0,0,1,0,0
55,57,0,0,1,0,0,0,0,0,0,0
170,191,0,0,0,0,0,0,0,0,0,1
1,18,0,0,0,0,0,0,0,0,0,0
239,255,0,0,0,0,0,0,0,0,0,0
49,60,0,0,0,0,0,0,0,0,0,0
143,146,0,0,0,0,0,0,1,1,0,0
105,111,0,0,0,0,1,0,0,0,0,0
5,20,0,0,0,1,0,1,0,0,0,0
249,253,0,0,0,0,0,0,0,0,0,0
187,190,0,1,1,0,0,0,0,0,0,0
18,28,0,1,0,0,0,0,0,1,0,0
28,33,0,0,0,0,0,0,0,0,0,0
0,14,0,0,0,0,0,0,0,0,0,0
202,203,1,0,0,0,0,0,0,0,0,0
56,61,0,1,1,1,1,0,1,0,1,1
63,86,1,1,1,1,1,1,1,1,1,1
51,53,0,0,0,1,0,0,1,1,0,1
19,30,0,0,0,0,0,0,0,1,0,0
18,38,0,0,0,0,0,0,0,0,0,0
179,192,0,0,0,0,0,0,1,0,0,0
17,24,0,0,0,0,0,0,0,0,0,0
63,68,0,0,0,0,0,0,0,0,0,0
126,142,0,0,0,0,0,0,0,0,0,0
137,141,0,0,0,0,0,0,0,0,0,0
163,166,0,0,0,0,0,0,0,0,0,0
230,237,0,0,0,0,1,1,1,1,0,0
198,209,0,1,0,0,1,0,0,1,0,1
53,61,1,0,1,0,0,0,1,0,0,0
219,221,0,0,0,0,0,0,0,0,0,1
131,143,0,0,0,0,0,0,0,0,0,0
184,192,0,0,0,0,0,0,1,0,0,0
8,13,0,0,0,0,0,0,0,0,0,0
210,226,0,0,0,0,0,1,0,0,1,0
45,50,0,0,0,0,1,0,0,0,0,1
118,121,0,1,0,0,0,0,0,0,0,0
118,119,0,0,0,0,1,1,0,0,0,1
173,189,0,0,0,0,0,0,0,0,0,0
5,27,0,0,0,1,0,0,0,0,0,0
27,29,0,0,0,0,0,0,0,0,0,0
26,33,0,0,0,1,0,0,0,0,0,0
51,58,0,0,0,0,0,0,0,0,0,0
14,34,0,0,0,0,0,0,0,0,0,0
247,260,0,0,0,0,0,0,0,0,0,0
13,28,1,0,0,0,0,0,0,0,0,0
72,77,0,0,0,0,0,0,0,0,0,0
14,25,0,0,0,0,0,0,0,0,0,0
220,221,0,0,0,1,1,0,0,0,0,0
244,245,0,0,0,0,0,0,0,0,0,0
92,107,0,0,0,0,0,0,0,0,0,0
8,22,1,0,0,0,0,0,0,0,0,0
31,37,0,0,0,1,0,0,0,0,0,0
70,76,0,0,0,0,0,0,0,0,0,0
46,55,0,0,0,0,1,0,1,0,0,0
175,176,0,0,1,0,0,0,0,0,0,0
227,228,1,0,0,0,0,0,0,0,0,0
96,103,0,0,0,0,0,0,0,0,1,0
99,103,0,0,0,0,0,0,0,1,0,0
182,193,0,0,1,0,0,0,0,0,0,0
186,189,1,0,0,0,0,0,0,0,0,0
181,187,0,0,0,0,1,1,0,0,0,0
103,107,0,0,0,0,0,0,0,0,0,0
119,142,0,1,0,0,0,0,0,0,0,0
216,233,0,0,0,0,0,0,0,0,0,0
214,219,1,0,0,0,0,0,0,0,1,0
64,70,0,0,0,0,0,0,0,0,0,0
122,139,1,0,0,0,0,0,0,0,0,1
91,102,0,0,0,0,0,0,1,0,0,1
26,38,0,0,0,0,0,0,0,0,1,0
185,192,0,0,0,0,0,0,0,0,0,0
159,160,0,0,0,0,0,0,0,0,0,0
201,207,0,0,0,0,0,0,0,0,0,0
240,261,0,0,0,1,0,0,0,0,0,0
14,33,0,0,0,0,0,0,0,0,0,0
17,35,0,0,0,0,0,0,0,0,0,0
13,23,0,0,0,0,0,0,0,0,0,0
18,36,0,0,0,0,0,0,0,0,0,0
92,111,0,0,0,0,0,0,0,1,0,0
252,261,0,0,0,0,0,1,0,0,0,0
116,133,1,0,1,1,1,1,1,1,1,1
136,147,0,0,0,0,0,0,0,1,0,0
92,108,0,0,0,0,0,0,0,0,0,0
95,106,0,0,0,0,0,0,0,1,0,0
66,77,0,0,0,0,0,0,0,0,0,0
251,262,0,0,0,0,0,0,0,0,0,0
213,237,0,0,0,0,0,1,1,0,1,0
30,34,0,0,0,0,0,0,0,0,1,0
250,259,1,1,0,1,1,1,1,1,1,1
117,124,1,0,0,0,0,0,0,0,0,0
46,52,1,0,1,0,1,1,1,1,1,1
88,106,0,0,0,0,0,0,0,0,0,0
174,175,1,0,1,0,1,1,1,1,1,1
198,206,1,0,0,0,0,0,0,0,0,0
119,131,0,0,0,0,0,0,0,0,0,0
217,218,1,0,0,1,1,0,0,0,0,0
181,188,0,1,1,1,1,1,1,1,1,1
100,106,1,0,0,0,0,0,0,0,0,0
119,145,0,0,0,0,0,0,0,0,0,0
157,162,1,1,1,1,1,1,1,1,1,1
47,57,1,0,0,0,0,0,1,0,0,0
122,136,0,0,0,0,0,0,0,0,0,0
91,105,0,1,1,1,1,0,1,1,0,1
60,61,0,0,0,0,0,0,0,0,0,0
151,159,0,0,0,0,1,0,0,0,0,1
107,108,0,0,0,0,1,0,0,0,0,0
1,31,0,0,0,0,0,0,0,0,0,0
105,108,0,0,0,1,0,0,0,0,0,0
65,81,0,0,0,1,0,0,0,0,0,0
173,178,0,0,0,0,0,0,1,0,0,0
205,209,0,0,1,0,1,0,0,1,1,1,0,1,1,0,0,1,0,0,0,0
243,245,1,0,0,1,0,0,0,0,0,1
184,194,1,0,0,0,0,0,0,0,0,0
95,101,0,0,0,0,0,0,0,0,0,1
97,109,1,1,1,1,1,1,1,1,1,1
223,229,0,1,1,0,0,0,0,0,0,0
6,36,0,0,0,0,0,0,0,0,0,0
220,233,0,1,1,0,0,0,0,0,0,0
114,131,0,0,0,0,0,0,0,0,0,0
102,109,0,0,0,0,0,0,0,1,0,0
73,83,1,1,1,0,1,1,1,1,1,1
73,80,0,0,0,0,0,0,0,0,0,0
251,259,0,0,0,0,0,0,1,0,0,0
98,105,0,1,0,0,1,0,0,1,0,0
43,48,0,0,0,0,0,0,0,0,1,0
212,235,0,0,0,0,0,1,0,0,1,0
101,105,0,0,0,0,0,1,0,1,0,0
118,142,0,0,0,0,0,0,0,0,0,0
75,84,0,0,0,0,0,0,0,0,0,0
214,225,0,0,0,0,0,0,0,0,0,0
71,74,0,0,0,0,0,0,0,0,0,0
141,146,0,0,0,0,0,0,0,0,0,0
130,133,0,0,1,0,0,0,0,0,0,0
90,102,0,0,0,0,0,0,0,0,0,0
245,257,1,1,1,1,1,1,1,1,0,1
80,85,0,0,0,0,0,0,0,0,0,0
172,178,0,0,0,0,0,0,0,0,0,1
5,32,0,0,0,0,0,0,0,0,0,0
116,145,0,1,0,0,0,0,0,0,0,0
19,22,0,0,0,0,0,0,0,0,0,1
20,25,0,1,0,0,0,0,0,1,0,0
152,167,0,0,1,0,0,0,0,1,0,0
66,84,0,0,0,0,0,0,0,0,0,0
135,145,0,0,0,0,0,0,0,0,0,1
95,108,0,0,0,0,0,0,0,0,0,0
94,106,1,1,1,0,0,1,0,0,0,0
97,100,0,0,0,0,0,0,0,0,1,0
246,256,0,0,0,1,0,0,1,0,1,0
6,31,0,0,0,0,0,0,0,0,0,0
117,144,1,1,0,0,0,0,0,0,0,0
98,104,0,0,0,0,0,0,0,0,0,0
153,161,0,0,0,0,0,0,0,0,0,0
211,235,0,1,0,0,0,0,0,0,1,0
172,184,0,0,0,0,0,0,0,0,0,0
92,98,0,0,0,0,0,0,0,0,0,0
188,194,0,0,0,0,0,0,0,0,0,0
69,72,0,0,0,0,0,0,0,0,0,0
221,235,0,1,0,0,0,1,0,1,0,1
123,143,0,0,0,0,0,0,0,0,0,1
161,167,0,0,1,0,1,0,0,0,0,0
88,112,0,0,0,0,0,0,0,1,0,0
219,227,0,1,0,0,0,0,1,0,1,0
248,257,0,0,1,0,0,0,1,0,0,1
75,83,0,0,0,0,0,0,0,0,0,0
219,232,0,0,0,0,0,0,0,1,0,0
218,221,0,1,0,0,1,1,0,0,1,0
39,56,0,0,1,0,0,0,0,0,0,0
137,148,0,0,0,0,0,0,0,0,0,0
133,147,1,0,0,0,0,0,0,0,1,1
261,263,0,0,0,0,0,0,0,0,0
154,168,0,0,0,0,0,0,0,1,0,0
90,111,1,0,0,0,0,0,0,0,1,0
175,194,0,0,0,0,0,0,1,0,0,0
243,254,0,0,0,0,0,0,0,0,1,1
34,36,0,0,0,0,0,0,0,0,0,0
70,77,0,0,0,0,0,0,0,0,0,0
5,7,0,0,0,0,0,0,0,0,0,0
142,143,0,0,0,0,0,0,0,0,0,0
97,107,0,0,0,0,0,0,0,0,0,0
142,148,0,1,0,0,0,0,0,0,0,0
213,234,1,1,1,0,0,0,0,0,1,1,1,0,1,0,0,0,0,0,0,0
6,38,0,0,0,0,0,0,0,0,0,0
244,265,1,1,1,1,1,0,0,1,1,1
73,74,1,1,1,1,1,1,1,1,1,1
217,226,1,0,0,0,0,1,0,0,1,0
167,168,0,0,0,0,1,1,0,0,1,1
77,82,0,0,0,1,0,0,0,0,0,0
6,9,0,0,0,0,0,0,0,0,0,0
222,231,0,0,0,0,0,0,0,0,1,0
244,247,1,1,1,1,1,0,0,1,0,0
215,229,1,0,0,0,0,0,0,1,1,0
69,79,0,0,0,0,0,0,0,0,0,0
124,144,0,0,0,0,0,0,0,0,0,0
161,168,0,0,1,0,1,0,0,0,0,0
224,235,0,0,0,0,0,0,1,0,1,0
210,233,0,0,0,0,0,0,1,0,0,0
2,21,0,0,0,0,0,0,0,0,0,0
226,236,0,0,0,0,0,0,1,0,1,0
214,216,1,1,1,1,1,1,1,1,1,1
76,82,0,0,0,0,0,0,0,0,0,0
254,260,0,0,1,0,0,0,0,0,0,0
154,161,0,0,1,0,1,0,0,0,1,1
93,102,0,0,0,0,0,0,0,0,0,0
171,191,0,0,0,0,0,0,0,0,0,0
86,87,0,0,0,0,0,0,0,0,0,0
4,26,0,0,0,0,0,0,0,0,0,0
13,31,0,0,0,0,0,0,0,0,0,0
200,207,0,0,1,0,0,0,0,0,0,0,0,0,0,0,0,0,0,1,0,0
43,62,0,0,0,1,0,0,0,1,0,0
134,147,0,0,0,0,0,0,0,0,0,0
23,30,1,0,0,0,0,0,0,0,0,0
241,262,0,0,0,0,0,0,0,0,0,1
15,24,0,0,0,1,0,0,1,0,0,0
12,37,0,0,0,0,0,0,0,0,0,0
77,85,1,1,1,1,1,1,1,1,1,1
173,182,0,1,1,1,0,0,0,0,0,1
90,105,0,0,0,0,0,1,0,0,0,1
196,202,0,0,0,0,0,0,0,0,0,0
130,143,0,0,0,0,0,0,0,0,0,0
10,19,0,0,0,0,0,0,0,0,0,0
125,143,0,0,0,0,0,0,0,0,0,0
224,232,0,0,0,0,0,0,0,0,0,0
63,70,0,0,0,0,0,0,0,0,0,0
215,237,0,0,1,1,0,1,0,0,1,1
195,205,1,0,1,1,1,1,1,1,1,1
199,206,0,0,1,0,0,0,0,1,0,0
8,30,0,0,0,0,0,0,0,0,0,0
198,202,0,0,1,0,0,0,0,0,0,0,0,0,0,0,0,0,0,0,0,0
123,130,0,0,0,0,0,0,0,0,0,1
74,78,0,0,0,0,0,0,0,0,0,0
174,180,0,0,0,0,0,0,0,1,0,0
175,184,0,0,0,0,0,0,0,0,0,0
241,242,0,0,0,0,0,0,0,0,0,0
41,46,0,0,0,0,0,0,0,0,0,0
252,257,0,1,0,0,1,0,0,0,0,0
169,190,0,0,0,0,0,0,0,0,0,0
61,62,0,1,0,0,0,0,0,0,0,0
10,28,1,1,1,1,1,1,1,1,1,1
12,25,0,0,0,0,0,0,0,0,0,0
104,112,0,0,0,0,0,0,0,0,0,0
15,36,0,0,0,1,0,0,0,0,0,0
6,24,0,0,0,0,0,0,0,0,0,0
114,127,0,0,0,0,0,0,0,0,0,0
46,61,0,0,0,0,0,0,0,0,0,0
223,226,0,0,0,0,0,0,0,0,1,0
125,148,0,0,0,1,0,0,0,0,0,0
89,113,1,1,0,1,0,1,1,1,1,1
90,94,0,0,0,0,1,0,0,0,0,0
40,59,0,0,0,0,0,1,0,0,0,0
99,112,0,0,0,0,0,0,0,0,0,0
210,221,1,1,1,1,1,1,1,1,1,1
106,111,0,0,0,0,0,0,0,0,0,0
263,266,1,1,0,1,1,1,1,1,1,1
175,183,0,0,0,0,0,0,0,0,0,0
3,33,0,0,0,0,0,0,0,0,0,0
5,14,0,0,0,0,0,0,0,0,0,0
125,131,0,0,0,1,0,0,1,0,0,0
153,154,0,0,0,0,0,0,0,0,0,0
171,189,0,0,0,0,0,0,0,0,0,0
216,230,0,0,0,0,0,0,0,1,0,1
122,127,0,0,1,0,0,0,0,0,0,0
137,139,0,0,0,0,0,0,0,0,0,0
230,232,0,0,0,1,0,0,1,0,1,0
120,145,1,1,1,1,0,1,1,1,1,1
178,183,0,1,0,0,0,0,0,0,0,0
245,248,0,0,1,0,1,0,0,0,0,1
89,92,0,0,0,0,0,0,0,0,0,0
10,21,0,0,0,0,0,0,0,0,0,0
89,111,0,0,0,0,0,0,0,0,0,0
12,22,1,0,0,0,0,0,0,0,0,0
239,262,0,0,0,0,0,0,0,0,0,0
22,35,0,0,0,0,0,0,0,0,0,0
78,85,0,0,0,0,0,0,0,0,0,0
67,78,0,0,0,0,0,0,0,0,0,0
257,260,0,0,0,0,0,0,0,0,0,0
179,189,0,0,0,0,0,0,0,0,0,0
2,15,0,0,0,0,0,0,0,0,0,0
115,144,0,0,0,0,0,0,0,0,0,0
140,146,1,0,0,0,0,0,0,0,0,0
185,186,0,0,1,1,0,0,0,1,0,0
247,259,0,0,0,0,1,0,0,0,0,0
222,226,0,0,0,1,0,1,0,0,1,1
9,30,0,0,0,0,0,0,0,0,1,0
225,238,0,0,0,0,0,0,0,0,0,0
125,138,0,0,0,0,0,0,0,0,0,0
124,136,0,1,0,0,0,0,0,0,0,0
4,10,0,0,0,0,0,0,0,0,0,0
241,254,0,0,0,0,0,0,0,0,0,0
212,222,0,0,0,0,0,0,0,0,0,0
178,186,1,1,1,0,0,1,0,1,1,0
262,266,0,0,1,0,0,0,0,0,0,0
133,137,0,0,0,0,1,0,1,0,0,0
156,160,0,0,0,0,0,0,0,0,0,0
1,4,0,0,0,0,0,0,0,0,0,0
11,26,0,0,0,0,0,0,0,0,0,0
242,253,0,1,0,0,0,1,1,0,0,0
0,33,0,0,0,0,0,0,0,0,0,0
131,135,0,0,0,0,0,0,0,0,0,0
74,86,0,0,0,0,0,0,0,0,0,0
225,227,1,0,0,0,0,1,0,1,0,0
172,194,0,0,0,0,0,0,0,0,0,0
67,73,0,0,0,0,0,0,0,0,0,0
127,145,0,0,0,0,0,0,0,0,0,0
20,37,0,0,0,0,0,0,0,0,0,0
139,142,0,1,1,1,1,0,1,1,0,1
160,166,1,1,0,0,0,0,0,0,0,0
65,75,0,0,0,0,0,0,0,1,0,0
131,136,0,0,0,1,0,0,0,1,0,0
253,257,0,0,1,0,0,1,0,0,0,0
176,178,0,0,0,0,0,0,0,0,0,0
122,125,0,0,0,0,0,1,0,0,0,0
197,204,1,0,0,0,0,0,0,0,0,0
183,187,0,0,0,0,0,0,0,0,0,0
91,92,0,0,0,0,1,0,0,0,0,0
169,185,0,0,0,0,0,1,1,0,0,0
128,143,1,1,0,1,1,1,1,1,1,1
170,183,0,0,0,0,1,0,0,0,0,0
225,233,0,1,1,1,0,0,0,0,1,0,1,0,0,0,0,0,0,1,0,0
39,43,0,0,0,0,1,0,0,0,0,0
120,137,0,0,0,0,0,0,0,0,0,0
120,129,1,0,0,0,0,0,0,0,0,0
42,44,0,0,0,0,0,0,0,0,0,0
173,177,0,0,0,0,0,0,1,0,0,0
210,219,0,0,0,1,1,0,0,0,0,0
232,234,0,0,0,0,0,0,1,0,1,0
239,259,0,0,1,0,0,0,0,0,0,0
103,109,0,0,0,0,1,0,1,0,0,0
49,53,0,0,0,0,1,0,0,0,0,0
258,265,0,1,0,0,0,0,0,0,0,0
126,128,0,1,0,0,1,0,0,0,1,0
3,13,0,0,0,0,0,0,1,0,0,0
89,108,1,1,1,1,1,0,1,1,1,1
245,264,0,0,0,0,0,0,1,1,0,0
153,168,0,0,0,0,0,0,0,0,0,0
4,32,0,0,0,0,0,1,0,0,0,0
11,31,0,0,1,0,0,0,0,0,0,0
50,61,0,0,0,0,0,0,0,1,0,0
215,235,0,0,0,1,0,0,0,1,0,1
128,135,0,0,1,0,1,0,1,0,1,0
240,247,0,0,0,0,0,0,0,0,0,0
20,30,0,0,0,0,0,0,0,0,0,0
21,38,0,0,0,0,0,0,0,0,0,0,0,0,0,0,1,0,0,0,0,0
114,140,0,0,0,0,0,0,1,0,0,0
68,72,0,0,0,0,0,0,0,0,0,0
176,177,0,0,0,0,0,0,0,0,0,0
64,82,0,0,0,0,0,0,0,0,0,0
162,164,0,0,0,0,0,0,0,0,0,0
180,182,0,0,0,0,0,0,0,0,0,0
212,228,0,0,1,0,0,0,0,0,0,0
223,235,0,0,1,0,0,1,0,0,0,0
169,182,0,0,0,0,0,0,0,1,0,0
188,190,1,0,0,0,0,0,0,0,0,1
123,147,0,0,1,0,0,0,0,0,0,0
3,21,0,0,0,0,0,0,0,0,0,0
124,138,0,0,0,1,0,0,1,0,0,0
191,192,0,0,0,0,0,0,0,0,0,0
54,55,1,0,0,0,0,0,0,0,0,0
214,231,0,0,0,0,0,0,0,1,0,0
122,142,0,0,0,0,0,0,0,0,0,0
258,262,0,0,0,0,0,0,0,0,0,0
12,18,1,0,0,1,1,1,0,1,1,0
182,188,0,1,0,1,0,0,0,0,0,1
183,191,1,0,0,1,0,1,1,1,1,0
143,147,0,0,0,0,0,0,0,0,0,0
132,133,0,0,0,0,0,0,0,0,0,0
237,238,0,0,0,0,0,0,0,0,0,0
91,111,0,0,0,0,0,0,1,0,0,0
16,20,0,0,0,0,0,0,0,0,0,0
50,51,0,0,0,0,0,0,0,0,0,0
7,37,0,0,0,0,0,0,0,0,0,0
251,261,0,0,0,0,0,1,0,0,0,0
200,204,0,0,0,0,0,0,1,0,0,0
88,94,0,0,0,0,0,0,0,0,0,0
145,148,0,0,0,0,0,0,0,0,0,0
177,178,0,0,1,0,0,0,0,0,0,1
79,84,0,0,0,0,0,0,0,0,0,0
47,62,0,0,0,0,0,0,0,0,0,0
70,81,0,0,0,0,0,0,0,0,0,0
41,52,0,0,0,0,0,0,0,0,0,0
29,36,0,0,0,0,0,0,0,0,0,0
123,140,0,0,0,0,0,0,0,0,0,0
68,76,0,0,0,0,0,0,0,0,0,1
151,168,0,0,0,0,0,0,0,0,1,0
120,127,0,0,0,0,0,0,1,0,0,0
201,208,0,0,0,0,0,0,0,0,0,0
94,98,0,1,0,0,0,0,0,0,1,0
213,219,0,0,0,1,0,0,0,0,0,0
122,131,0,0,0,0,0,0,1,0,0,0
186,191,0,0,0,0,0,0,0,0,1,0
138,139,1,0,0,0,0,0,0,0,0,0
42,54,0,0,0,0,0,0,0,0,0,1
182,183,0,0,0,0,0,0,0,0,0,0
42,58,1,1,0,1,1,0,0,1,0,1
155,157,0,0,0,0,0,0,0,0,0,0
63,87,0,0,0,0,0,0,0,0,0,0
10,35,1,1,1,1,1,1,1,1,1,1
50,58,0,0,0,0,0,0,0,0,0,0
234,235,0,1,0,1,1,0,0,0,0,1
150,159,0,1,0,0,0,0,0,0,0,0
138,143,0,0,0,0,0,0,0,0,0,0
24,32,1,1,1,1,1,1,1,1,1,1
129,135,1,1,1,0,1,1,1,1,1,1
239,246,0,0,0,0,0,0,0,0,0,0
115,133,0,0,0,1,0,0,0,0,0,0
71,82,0,0,0,0,0,0,0,0,0,0
215,218,0,0,0,1,0,0,0,0,0,1
101,112,0,0,0,0,0,0,0,0,0,0
16,24,0,0,0,0,0,0,0,0,0,0
184,188,1,0,0,1,0,1,1,0,0,0
223,233,0,0,0,0,0,1,0,1,0,0
117,139,0,0,0,0,0,0,0,0,0,0
228,238,1,1,0,1,1,0,1,1,0,0
7,15,1,1,1,1,1,1,1,1,1,1
221,225,0,0,0,1,0,0,1,0,0,0
149,156,0,0,0,0,0,0,0,0,0,0
218,238,1,0,0,0,1,0,0,0,0,0
213,223,1,1,1,1,1,1,1,1,1,1
191,194,0,0,0,0,0,0,0,0,0,0
212,216,0,1,0,0,0,0,0,0,0,0
9,18,0,0,0,0,0,0,0,0,0,0
95,110,0,0,0,0,0,0,0,0,0,0
44,58,0,0,0,0,0,0,0,0,0,0
69,84,0,0,0,0,1,0,0,0,0,0
246,248,1,0,0,1,0,0,0,0,0,0
124,125,0,0,0,1,0,0,0,0,0,0
27,31,0,1,0,0,0,0,1,0,0,1
225,236,0,1,0,0,1,0,0,0,1,1
240,257,0,0,0,0,0,0,0,0,0,0
42,60,0,0,1,1,0,1,0,1,1,1
55,61,0,0,0,0,0,0,0,0,1,0
126,141,0,0,0,0,0,0,0,0,0,0
218,229,0,0,0,0,0,0,0,0,1,0
81,86,0,0,0,0,0,0,0,0,0,0
34,37,0,0,0,0,0,0,0,0,0,0,0,0,0,0,0,0,0,0,0,0
253,263,0,0,0,0,0,0,0,0,0,0
18,25,0,0,0,0,0,0,0,0,1,0
32,36,0,0,0,0,0,0,0,0,0,0
239,249,0,0,0,1,0,0,0,0,1,0
170,176,1,0,0,0,0,0,0,0,0,0
115,134,0,0,0,0,0,0,0,0,0,0
249,265,0,0,0,0,0,0,0,0,1,0
50,60,0,0,0,0,0,0,0,0,0,0
41,62,0,0,0,0,0,0,0,0,0,0
117,136,0,0,0,1,0,0,0,0,0,0,0,1,0,0,0,0,0,0,1,1
1,9,0,0,0,0,0,0,0,0,0,0
64,76,0,0,0,0,0,0,0,0,0,0
2,30,0,0,0,0,0,0,0,0,0,0
68,78,0,1,0,0,0,1,0,0,0,0
210,229,0,0,0,0,0,0,0,0,0,1
82,87,0,0,0,0,0,0,0,0,0,0
16,34,0,0,0,0,0,0,0,0,0,0
53,58,0,0,0,0,0,0,0,0,0,0
177,183,1,0,0,0,0,0,0,0,0,0
212,219,0,0,0,0,0,0,0,0,0,0
215,217,0,0,1,0,0,0,0,1,0,0
44,51,0,0,0,0,0,0,0,0,0,0
216,226,0,0,0,0,0,0,1,0,1,0
132,144,0,0,0,0,1,1,1,0,0,0
169,170,0,0,0,0,0,0,1,0,0,0
152,157,1,0,0,0,0,0,0,0,0,0
153,167,0,0,1,0,0,0,1,1,0,1
55,59,1,0,0,0,0,0,0,0,0,0
218,223,0,0,0,0,1,0,0,0,0,0
48,54,0,0,0,0,0,0,0,0,0,0
145,147,0,0,0,0,0,0,0,0,0,0
198,208,0,0,0,0,0,0,0,0,0,0
175,177,0,0,0,0,0,0,0,1,0,0
3,9,0,0,0,0,0,0,0,0,0,0
134,135,0,1,0,0,0,0,0,0,0,0
135,139,0,0,0,0,0,0,1,0,0,0
222,238,0,0,0,0,0,0,0,1,0,0
1,13,0,0,0,0,0,0,0,0,0,0
25,34,0,0,0,0,0,0,0,0,0,0
0,12,0,0,0,0,0,0,0,0,0,0
239,243,0,0,0,1,0,0,0,0,0,0
211,229,0,0,0,0,0,0,0,0,0,1
241,244,0,0,0,0,0,0,0,0,0,0
250,261,0,0,0,0,0,0,0,1,0,0
22,27,1,0,0,0,1,0,0,1,0,1
7,26,0,0,0,0,0,0,0,0,0,0
253,254,0,0,0,0,0,0,1,0,0,1
244,266,1,0,1,0,0,0,0,1,0,0
199,209,0,0,0,0,0,0,0,0,0,0
244,254,0,1,0,0,0,0,0,0,1,0
221,236,0,0,0,0,0,0,1,0,1,0
9,27,0,1,0,0,1,1,1,0,1,1
6,11,0,0,0,1,0,0,0,0,0,0
216,220,0,1,1,1,0,0,0,0,0,0,1,0,0,0,0,0,0,0,0,0
259,264,0,0,0,0,0,0,0,0,0,0
169,177,0,0,0,0,0,0,1,0,0,0
217,224,0,0,0,0,0,0,0,1,0,1
219,238,1,0,0,0,0,0,0,0,0,0
260,262,1,0,0,1,0,0,1,0,1,0
0,23,0,0,0,0,0,0,0,0,0,0
103,108,0,0,0,0,0,0,0,0,0,0
127,135,0,0,0,0,0,0,0,0,0,0
170,192,0,0,0,0,1,0,0,0,0,0,0,0,0,0,0,0,0,0,0,0
118,127,1,0,0,1,1,0,0,0,1,0
105,112,0,0,0,0,0,0,0,0,0,0
180,194,1,1,1,1,1,1,1,1,1,0
5,21,0,0,0,0,0,0,0,0,1,0
118,131,0,1,0,0,0,0,0,0,0,0
187,191,0,0,0,0,0,0,0,0,0,0
26,35,0,0,0,0,0,0,0,0,0,0
28,32,0,0,0,0,0,0,0,0,0,0
0,15,0,0,0,0,0,0,0,0,0,0
202,204,0,0,0,0,0,0,0,1,0,0
56,60,0,0,0,0,0,0,0,0,0,0
63,85,0,0,0,0,0,0,0,0,0,0
51,52,0,0,0,0,0,0,0,0,0,0
19,37,0,0,0,0,0,0,0,0,0,0
179,191,0,0,0,0,0,0,0,1,0,0
95,112,0,0,0,0,0,0,0,0,0,1
14,23,0,0,0,0,0,0,0,0,0,0
7,21,1,0,1,0,0,1,0,0,0,1
137,146,0,0,0,0,0,0,0,0,0,0
249,261,0,0,0,0,0,0,0,0,1,0
98,112,0,0,0,0,0,0,0,0,0,0
216,229,0,0,0,1,0,0,0,0,0,0
131,144,0,0,0,0,0,1,1,0,0,0
96,109,0,1,0,0,0,0,0,0,0,0
90,92,0,0,0,0,0,0,0,1,0,0
8,10,0,0,0,0,0,0,0,0,0,0
217,222,1,0,0,0,0,1,1,1,0,0
183,184,0,0,0,0,0,0,0,0,0,0
75,79,0,0,0,0,0,0,0,0,0,0
45,51,1,1,1,1,1,1,0,1,1,0
121,133,1,0,0,1,0,1,0,0,0,1
118,120,0,0,0,0,0,0,0,0,0,0
140,148,0,0,0,0,0,0,0,0,0,0
135,137,0,0,0,0,0,0,0,0,0,0
5,28,0,0,0,0,0,0,0,0,0,0
27,28,0,0,0,1,0,0,0,0,0,0
91,108,0,0,1,0,0,0,0,0,0,0
26,32,0,0,0,0,0,0,0,0,0,0
198,204,0,0,0,0,0,0,1,0,0,0
14,35,0,0,0,0,0,0,0,0,0,0
89,105,0,0,0,0,0,0,0,0,1,0
13,29,0,0,0,1,0,0,0,0,0,0
72,78,0,0,0,0,0,0,0,0,0,0
14,24,0,0,0,0,0,0,0,0,0,0
220,226,0,1,0,0,0,0,0,0,0,1
136,141,0,0,0,0,1,1,0,0,0,0
92,106,0,0,0,0,0,0,0,0,0,0
66,79,0,0,0,0,0,0,0,0,0,0
155,163,0,1,0,0,0,0,0,0,0,0
8,21,0,0,0,0,0,0,0,0,0,0
72,86,0,0,0,0,0,0,0,0,0,0
110,112,0,1,0,0,0,0,0,0,0,0
121,137,0,0,0,1,0,0,0,0,0,0,0,0,0,0,0,0,0,0,1,1
46,54,0,0,0,0,0,0,0,0,0,0
160,168,1,0,0,1,0,1,0,0,1,0
96,102,0,0,0,0,0,0,0,0,1,0
99,100,0,0,0,0,0,0,0,0,0,0
182,192,0,0,0,0,0,0,0,0,1,0
119,132,0,1,0,1,0,0,0,0,0,0
212,238,0,0,0,0,0,0,0,1,0,0
181,186,0,0,0,1,0,0,0,1,1,0
103,106,0,1,0,0,0,0,0,0,0,1
103,112,0,1,0,0,0,0,0,0,0,0
119,143,0,0,0,0,0,0,0,0,0,0
255,264,0,0,0,0,0,1,0,0,0,0
45,58,0,0,0,0,0,0,0,0,0,0
140,147,0,0,0,0,0,0,0,0,0,0
122,138,0,1,0,0,0,0,0,0,0,0
91,103,0,0,0,0,0,0,0,0,1,0
185,193,0,0,0,0,0,0,0,0,0,0
159,161,0,0,0,0,0,0,0,0,1,0
54,62,0,0,0,0,0,0,0,0,1,0
240,262,0,1,0,0,0,0,0,1,0,0
17,34,1,1,1,1,1,1,1,1,1,1
13,20,0,0,0,0,0,0,0,0,0,0
18,37,0,0,0,0,0,0,0,0,0,0
92,112,0,0,0,0,0,0,0,0,0,0
252,260,1,1,1,1,1,1,1,1,1,1
116,130,0,0,0,0,0,0,0,0,0,0
136,146,0,0,0,0,0,0,0,0,0,1
95,107,0,0,0,0,0,0,0,0,0,0
114,118,0,0,0,0,0,0,0,0,0,0
66,76,1,1,1,1,1,1,1,1,1,1
108,113,1,1,1,1,1,1,1,1,1,1
213,236,0,0,1,0,0,0,1,0,0,0
30,35,0,0,0,0,0,0,0,0,0,0
117,125,0,0,0,0,0,1,0,0,0,0
159,168,0,0,0,0,0,0,0,0,0,0
154,160,0,0,0,0,0,1,0,0,0,1
251,257,0,0,1,0,1,0,1,0,0,1
151,157,0,0,0,0,0,0,0,1,0,0
100,107,1,1,1,1,1,1,0,1,1,1
101,103,0,0,0,0,0,0,0,1,0,0
157,163,1,0,0,0,0,0,1,1,0,1
47,54,0,0,0,0,0,0,0,0,0,0
75,77,0,0,0,0,0,0,0,0,0,0
74,83,1,1,1,1,1,1,1,1,1,1
121,127,0,0,0,0,0,0,0,0,0,0
60,62,0,0,0,0,0,0,0,0,0,0
1,30,0,0,0,0,0,0,0,0,0,0
105,107,0,0,0,0,0,0,1,0,0,0
65,80,0,0,0,0,0,0,0,0,0,0
57,59,0,0,0,0,0,0,0,0,0,0
5,38,0,0,0,0,0,0,0,0,0,0
240,253,0,0,0,0,0,1,0,0,0,0
243,244,0,0,0,0,0,0,1,0,1,0
19,24,0,0,0,0,0,0,0,0,0,1
21,29,0,0,0,0,0,0,0,0,0,1
184,193,0,0,0,0,0,0,0,0,0,0
123,145,0,0,0,0,0,0,0,0,0,0
6,37,0,0,0,0,0,0,0,0,0,0
220,232,0,1,0,0,0,0,0,0,0,0
129,141,0,0,0,1,0,0,0,0,0,0
123,128,0,0,0,0,0,0,0,0,0,0
250,251,0,0,0,0,0,0,0,0,0,0
170,189,1,0,1,1,1,1,1,1,1,1
119,137,0,0,0,0,0,0,0,0,0,0
251,258,0,0,0,0,0,0,0,0,0,0
69,74,0,0,0,0,0,0,0,0,0,0
129,140,0,0,0,0,0,0,0,0,0,0
123,144,0,0,0,0,0,0,0,0,0,0
212,236,0,1,0,0,1,0,1,0,1,0
101,104,0,0,0,0,0,1,0,0,0,0
118,145,0,0,0,0,0,0,0,0,0,0
75,85,0,0,0,0,0,0,0,0,0,0
214,224,0,0,0,0,1,1,1,0,0,1
141,145,0,1,0,0,0,0,0,0,0,0
261,265,0,0,0,0,0,0,0,0,0,1
44,45,0,0,0,0,0,0,0,0,0,1
248,260,0,0,0,0,0,0,1,0,0,0
245,254,0,0,1,0,0,1,0,0,0,0
80,86,0,0,0,0,0,0,0,0,0,0
74,76,0,0,0,0,0,0,0,0,0,0
5,31,0,0,0,0,0,0,0,0,0,0
116,144,0,0,0,0,0,0,0,0,1,0
171,175,1,1,1,1,1,1,1,1,1,1
26,27,0,0,0,0,0,0,0,1,0,0
52,62,1,0,0,0,0,0,0,0,0,0,0,0,0,0,0,0,0,0,0,0
214,234,0,0,0,0,0,0,0,1,0,0
20,26,0,0,0,0,0,0,0,0,0,0
152,166,0,1,0,0,0,0,0,0,0,0
173,191,0,0,0,0,0,0,0,1,0,0
66,85,0,0,0,0,0,0,0,0,0,0
135,146,0,0,0,0,0,0,0,0,0,0
95,109,0,0,0,0,1,0,0,0,0,1
94,101,1,0,1,0,0,0,0,0,0,0
97,101,0,0,0,0,0,0,0,0,0,0
246,255,1,1,1,1,1,1,1,1,1,0
88,104,0,1,0,0,0,0,0,0,0,0
117,145,0,0,0,1,0,0,0,0,0,0
97,110,0,0,0,0,0,0,0,0,0,0
211,234,0,0,1,0,0,0,1,0,0,0
172,187,0,0,0,0,1,0,1,0,0,0
92,99,0,0,0,0,0,0,0,0,0,0
160,161,1,0,0,0,0,0,0,0,0,0
69,73,0,0,0,1,0,0,0,0,0,0
221,232,1,0,0,0,0,0,0,0,0,0
124,142,0,0,0,0,0,0,0,0,0,1
161,166,1,1,0,1,0,1,0,0,0,0
88,111,0,0,0,0,0,0,0,0,0,0
219,224,0,0,1,0,0,0,1,0,0,0
248,256,0,0,0,1,1,0,0,0,0,1
219,235,1,0,0,0,0,0,0,0,0,0
39,55,1,0,1,1,1,1,1,1,1,0
133,144,0,0,0,0,1,1,0,0,0,0
261,262,0,0,0,1,0,0,0,0,0,0
93,104,1,1,1,0,1,1,1,0,1,1
215,221,0,0,0,0,0,0,0,0,0,1
171,192,0,0,0,0,0,0,0,0,0,0
243,255,0,0,0,0,0,0,0,0,1,0
25,26,0,0,0,0,0,0,0,0,0,0
70,74,1,1,1,1,1,1,1,1,1,1
3,38,0,0,0,0,0,0,0,0,0,0
170,173,0,0,0,0,0,0,0,0,0,0
23,36,0,0,0,0,0,0,0,0,1,0
126,138,0,0,0,0,0,0,0,0,0,0
222,228,0,0,0,0,0,0,0,0,0,0
221,228,0,0,0,0,0,0,0,0,0,0
77,83,0,0,0,0,0,0,0,0,0,0
173,188,1,1,0,1,1,0,1,1,1,1
6,29,0,0,0,0,0,0,0,0,0,0
115,122,1,0,0,0,1,0,0,0,0,0
149,167,1,1,1,0,0,0,0,0,0,0
66,67,0,0,0,0,0,0,0,0,0,0
124,145,0,0,0,0,0,0,0,0,0,0
12,34,0,0,0,0,0,0,0,0,0,1
224,234,1,0,1,1,0,0,1,1,0,1
210,230,0,0,0,0,0,1,0,1,0,0
63,76,0,0,0,0,0,0,0,0,0,0
2,20,0,0,0,0,0,0,0,0,0,0
226,235,1,0,0,0,0,0,0,0,0,0
214,217,0,0,0,0,0,0,0,0,0,1
76,85,0,0,0,0,0,0,0,0,0,0
254,263,0,0,0,0,0,0,0,0,1,1
173,183,0,0,0,0,0,0,0,0,0,0
1,2,0,0,0,0,0,0,0,0,0,0
93,103,0,0,0,0,0,0,0,0,0,0
227,238,1,0,0,0,0,0,0,0,0,0
99,102,0,0,1,1,0,0,0,0,0,0
218,233,0,0,0,0,1,0,0,0,0,1
15,17,0,0,0,0,0,0,0,0,0,0
136,138,1,1,1,1,1,1,1,1,1,1
4,25,0,0,0,0,0,0,0,0,0,0
95,99,0,1,0,1,0,0,0,1,0,0
13,30,1,1,1,1,0,1,1,1,1,1
201,203,1,1,1,1,1,1,1,1,1,1
43,61,0,0,0,0,0,0,0,0,0,0
134,146,1,1,1,1,0,1,1,1,1,0
23,31,0,0,0,0,0,0,0,1,0,0
241,261,0,0,0,0,0,0,0,0,0,0
15,25,0,0,0,0,0,0,0,0,0,0
11,13,0,0,0,0,0,0,0,0,0,0
52,54,0,0,0,0,0,1,0,1,0,0
203,207,0,0,0,0,0,0,0,0,0,0,0,0,0,0,0,0,0,0,0,0
93,95,0,0,1,0,0,0,0,0,0,0
126,131,0,0,0,0,0,0,0,0,0,0
13,19,0,1,0,0,0,0,0,0,0,0
196,203,0,0,0,0,1,0,0,0,1,0
130,142,0,0,0,0,0,0,0,0,0,1
125,142,0,0,0,0,0,1,0,0,0,0
63,71,0,0,0,0,0,0,0,0,0,0
89,112,0,0,0,0,0,0,0,0,0,0
103,104,0,0,0,0,0,0,0,0,0,0
215,236,0,1,0,1,1,0,0,0,0,0
247,254,0,0,0,0,0,0,0,0,0,0
195,204,0,0,0,0,0,0,0,0,0,0
199,201,1,1,1,1,1,1,1,1,1,1
8,31,0,0,0,0,0,1,0,0,0,0
123,131,0,0,0,0,0,0,0,0,0,0
5,9,0,0,0,0,0,0,0,0,0,0
175,185,0,0,0,0,0,0,1,0,0,1
3,30,0,0,0,0,0,0,0,0,0,0
227,237,1,0,0,0,1,0,0,1,0,1
121,143,0,0,1,0,0,0,0,0,0,0
153,155,0,1,0,0,0,0,0,0,1,0
41,45,0,0,0,0,1,0,0,0,0,1
255,263,0,0,1,0,0,0,0,1,0,0
190,194,0,1,1,0,0,0,1,0,0,0
169,191,1,1,1,1,1,1,1,1,1,1
145,146,0,0,0,0,0,0,0,0,0,0
23,38,0,0,0,0,0,0,0,0,0,0
10,27,0,0,0,0,0,0,0,0,0,0
251,264,1,1,1,1,1,1,1,1,1,1
12,24,0,0,0,0,0,0,0,0,0,0
104,111,0,0,0,0,0,0,0,0,1,0
2,29,0,0,0,0,0,0,0,0,0,0
22,32,1,1,1,1,1,1,1,1,1,1
1,6,0,0,0,0,0,0,0,0,0,0
6,27,0,0,0,0,0,0,0,0,0,0
114,126,0,0,0,0,0,0,0,0,0,0
46,62,0,0,1,0,0,0,0,1,0,0
198,200,0,0,0,0,0,0,0,0,0,0
243,264,0,0,1,0,0,0,0,0,0,0
10,11,0,0,0,0,0,0,0,0,0,0
121,144,0,0,0,0,0,0,0,0,0,0
229,235,1,1,1,1,1,1,1,1,1,1
79,81,0,1,0,0,0,0,0,0,0,0
40,58,0,0,0,1,0,0,0,0,0,0
133,135,0,1,0,0,0,0,0,0,0,0
186,192,0,0,0,0,0,0,0,1,0,0
210,220,1,0,0,0,0,0,0,0,0,0
123,138,0,0,0,0,0,0,0,0,0,0
106,110,0,0,0,0,0,0,0,0,0,0
263,265,0,1,0,1,0,0,0,1,1,0
158,162,0,0,0,0,0,0,0,0,0,0
5,17,0,0,1,0,0,0,0,0,0,0
97,111,0,1,1,1,1,1,1,1,1,1
125,132,0,0,0,1,0,0,0,1,0,0
4,16,0,0,0,1,0,0,0,0,0,0
217,221,1,1,1,1,1,0,1,1,1,1
122,124,0,0,0,0,0,0,0,1,0,0
137,138,1,0,0,0,0,0,0,0,0,0
230,233,0,0,0,0,0,0,1,0,0,0
116,121,0,0,0,0,0,1,0,0,0,0
120,142,0,0,0,0,0,0,0,0,0,0
89,93,0,0,0,0,0,0,0,0,1,0
10,20,0,0,0,0,0,0,0,0,0,0
11,28,0,0,0,0,0,0,0,0,0,0
94,112,0,0,0,1,0,1,0,0,0,0
114,137,0,0,0,0,0,0,1,0,0,0
239,263,0,0,0,0,0,0,0,0,0,0
78,84,1,1,1,0,0,0,0,0,0,0
172,192,0,0,0,0,0,1,0,1,0,0
67,79,0,0,0,0,0,0,0,0,0,0
127,143,0,0,0,0,0,0,0,0,0,0
257,261,0,0,1,1,0,0,0,0,0,0
3,28,0,0,0,0,0,0,0,1,0,0
64,68,0,0,0,0,0,0,0,0,0,0
118,139,0,0,0,0,0,1,0,0,0,0
115,145,0,0,0,0,0,0,1,0,0,0
16,29,0,0,0,0,1,0,0,0,0,0
114,145,1,1,1,1,1,1,1,1,1,1
131,137,0,0,0,0,0,0,0,0,0,0
40,51,0,0,0,0,0,0,0,0,0,0
74,84,0,0,0,0,0,0,0,0,0,0
121,124,0,0,0,0,0,0,0,0,1,0
9,37,0,0,0,0,0,0,0,0,0,0
260,264,0,0,0,1,0,0,0,0,0,0
175,178,1,0,0,0,0,0,0,0,0,0
178,190,1,1,1,1,1,1,1,1,0,1
1,3,0,0,0,0,0,0,0,0,0,0
125,139,1,0,0,0,1,0,0,0,0,0
124,135,0,0,0,1,0,0,0,0,0,0
4,11,0,0,0,0,0,0,0,0,0,0
217,228,0,0,0,1,0,0,1,0,0,0
241,255,0,0,0,0,0,0,0,0,0,0
118,128,0,1,1,0,0,0,0,0,0,0
178,185,0,0,0,0,0,0,1,0,0,0
176,191,0,0,0,0,1,0,0,0,1,0
121,145,0,0,0,0,0,0,0,0,0,0
133,136,0,0,0,0,0,0,0,0,0,0
156,163,0,0,0,0,0,0,0,0,0,0
221,238,0,0,0,0,0,0,0,0,1,0
3,19,0,0,0,1,0,0,0,0,0,0
11,27,0,0,0,0,0,0,0,0,0,0
242,252,0,0,0,0,0,0,0,0,0,0
119,128,0,0,1,1,0,0,0,0,0,0
245,262,0,1,0,0,0,0,0,0,0,0
74,85,0,0,0,0,0,0,0,0,0,0
4,34,0,0,0,0,0,0,0,0,0,0
178,179,0,0,0,0,0,0,1,0,0,0
233,237,0,1,0,0,0,0,1,0,1,0
228,234,0,0,0,0,0,0,0,0,1,0
128,133,1,0,0,0,1,0,0,0,0,0
67,70,0,0,0,0,0,0,0,0,0,0
127,144,0,0,0,0,0,0,0,0,1,0
3,23,0,0,0,0,0,0,0,0,0,0
21,22,0,0,0,1,0,1,0,0,0,0,0,0,1,1,1,0,0,0,0,0
139,143,0,1,0,0,0,0,0,0,0,0
160,167,1,0,1,0,0,0,0,0,0,0
65,76,0,0,1,0,0,0,0,0,0,0
176,179,0,0,0,0,0,0,0,0,0,0
64,85,1,0,1,1,1,1,1,1,1,1
197,203,0,0,0,0,0,0,0,0,0,0
162,167,0,0,0,0,0,0,0,0,1,0
180,184,0,0,0,0,0,0,0,0,0,0
68,80,0,0,0,0,0,0,0,0,0,0
91,95,0,0,0,0,0,0,0,0,0,0
169,184,0,0,0,0,0,0,0,0,0,0
128,140,0,1,0,0,0,0,0,0,0,0
170,182,0,0,0,0,0,0,0,0,1,1
225,230,0,0,0,0,1,0,0,1,0,0
39,44,0,1,1,1,1,1,1,1,1,1
4,18,0,0,0,0,0,0,0,0,0,0
120,136,0,0,0,0,0,0,0,0,0,0
42,45,0,0,0,0,0,0,0,0,0,0
232,235,1,0,0,1,1,0,1,0,0,0
174,194,0,0,0,0,0,0,0,0,0,0
239,258,0,0,0,0,0,0,0,0,0,0
121,142,0,0,0,1,0,0,1,0,0,0
49,54,0,0,0,1,0,0,0,0,0,0
258,264,0,0,0,1,0,0,1,0,1,0
126,129,0,1,1,1,0,1,0,0,0,0
48,62,1,1,1,1,1,1,1,1,1,1
3,12,0,0,0,0,0,0,0,0,0,0
88,103,0,0,0,1,0,0,0,0,0,0
4,7,0,0,0,0,0,0,0,0,0,0
119,127,1,0,0,0,0,0,1,0,0,0
204,206,0,0,0,0,0,0,0,0,0,0
4,33,0,0,0,0,0,0,0,0,0,0
1,7,0,0,0,0,0,0,0,0,0,0
11,30,0,0,0,0,0,0,0,0,0,0
89,103,1,0,0,1,1,0,0,0,0,0
128,134,0,0,0,0,0,0,0,0,0,0
240,244,0,0,0,0,0,0,0,0,0,0
7,31,1,1,1,1,1,1,1,1,1,1
151,161,1,1,1,1,1,1,1,1,1,1
114,143,0,0,0,0,0,0,0,0,0,0
200,202,0,0,0,0,0,0,0,0,0,0
70,87,0,0,0,0,0,0,0,0,0,0
205,206,0,0,0,0,0,0,1,0,0,0
32,34,1,0,0,0,0,0,0,0,0,0
187,192,0,0,0,0,0,0,0,0,1,0
88,89,0,0,0,0,0,0,0,0,0,0
123,146,0,0,0,0,0,0,0,0,0,0
120,121,0,0,0,0,0,0,0,0,0,0
165,166,0,0,0,0,0,0,0,0,0,0
201,209,0,0,0,0,0,1,0,0,0,0
210,211,0,0,0,1,0,0,0,1,0,0
174,193,0,0,0,0,0,0,0,0,0,0
239,251,0,0,1,0,0,0,0,1,0,0
179,183,0,0,0,0,0,0,0,0,0,0
122,143,0,0,0,0,1,0,0,0,0,0
12,19,0,0,0,0,0,0,0,0,0,0
182,189,0,0,0,0,0,0,0,0,0,0
264,266,0,0,0,1,0,0,0,0,0,0
121,135,0,0,1,0,0,0,0,1,0,0
132,134,0,0,0,0,0,0,0,0,0,0
130,131,0,0,0,0,0,0,0,1,0,0
46,48,0,0,1,0,0,0,0,0,0,0
91,110,0,0,0,0,0,0,0,0,1,0
63,80,0,0,0,0,0,0,0,0,0,0
89,104,0,0,0,0,0,0,0,0,1,0
50,56,0,0,1,1,0,0,1,1,0,0
239,264,0,0,0,0,0,0,0,0,0,0
180,190,0,0,0,0,1,0,0,0,0,0,0,0,0,0,0,0,0,0,0,0
7,36,0,0,0,0,0,0,0,1,0,0
21,30,0,0,0,0,0,0,0,1,0,0
200,205,0,0,0,0,0,0,0,1,1,1
15,35,0,0,0,0,0,0,0,0,0,0
71,73,0,0,0,0,0,0,0,0,0,0
114,135,0,0,1,0,0,0,0,0,0,0
47,61,0,0,0,0,0,0,1,0,0,0
70,80,0,0,0,0,0,0,0,0,0,0
91,94,0,0,0,0,0,1,0,0,1,0
41,53,0,0,0,0,0,0,0,0,1,0
223,232,1,1,1,1,1,1,1,1,1,1
241,248,0,0,0,0,0,0,0,1,0,0
29,37,0,0,0,0,0,0,0,0,0,1
7,13,0,0,0,0,0,0,0,0,0,0
99,105,0,0,0,0,0,0,1,0,0,0
31,35,0,0,0,0,0,0,0,0,0,0
213,218,0,0,0,0,0,0,0,0,1,0
9,12,0,0,0,0,0,0,0,0,0,0
95,111,0,0,0,0,0,0,0,0,0,0
254,255,0,0,1,0,0,0,0,0,0,0
246,266,0,0,0,0,0,0,1,0,0,0
225,231,0,1,1,0,0,0,0,0,1,1
240,259,0,0,0,0,0,0,0,0,0,0
204,208,0,0,0,0,0,0,0,0,0,0
155,156,1,1,1,1,1,1,1,1,1,1
10,36,0,0,0,0,0,0,0,0,0,0
50,59,0,0,0,0,0,0,0,0,0,0
7,22,0,0,0,0,0,0,0,0,1,0
58,62,0,0,0,0,0,0,0,0,0,0
234,236,0,0,0,0,0,1,0,0,1,0
151,155,0,0,1,0,0,0,0,0,0,0
25,27,0,0,0,0,0,0,0,0,0,0
138,142,0,0,0,0,0,0,0,0,0,0
24,31,1,0,0,0,1,0,0,0,0,0
223,225,0,1,0,0,0,1,0,0,1,0
129,136,0,1,0,0,1,0,0,0,0,0
116,124,0,0,0,0,0,0,0,0,0,1
170,171,0,0,0,0,0,0,1,0,0,0
115,132,1,1,1,1,1,1,1,1,1,1
93,96,0,0,0,0,0,0,0,0,0,0
74,75,0,0,0,0,0,0,0,0,0,0
256,262,1,0,0,1,0,0,0,0,0,1
52,56,0,1,0,0,0,0,0,0,0,0
184,189,0,0,0,0,0,0,0,0,0,0
253,259,0,1,0,0,0,0,0,0,0,0
117,138,0,0,0,0,1,1,0,0,0,0
123,148,0,0,0,0,0,0,0,0,0,0
114,120,1,1,1,1,1,1,1,0,1,1
149,157,1,0,0,0,0,1,0,0,1,0
213,224,0,0,0,0,0,0,0,0,0,1
176,187,0,0,0,0,0,0,0,0,0,0
212,217,0,0,1,0,0,0,0,0,0,1
6,8,1,0,0,0,0,0,0,0,0,0
69,87,0,0,0,0,0,0,0,0,0,0
122,140,0,0,0,0,0,1,1,1,0,0
126,134,0,0,0,0,0,0,1,0,0,0
124,126,0,0,0,0,0,0,1,0,0,0
63,78,0,0,0,0,0,0,0,0,0,0
240,256,1,1,0,1,1,1,1,1,1,1
30,31,0,0,1,0,0,0,0,0,0,0
218,225,1,0,0,0,1,1,0,1,0,0
42,61,1,0,0,0,0,0,0,0,0,0
55,62,0,0,0,0,0,0,0,0,0,0
43,55,0,0,0,0,0,0,0,0,0,0
81,85,0,0,0,0,0,0,0,0,0,0
150,151,0,0,0,0,0,0,0,1,0,0
253,264,1,1,1,1,1,1,1,1,1,1
18,24,0,1,0,0,0,0,0,0,0,1
22,23,0,0,0,0,0,0,0,0,0,0
0,18,0,0,0,0,0,0,0,0,0,0
211,227,0,0,0,0,0,0,0,0,0,1
68,69,0,0,0,0,1,0,0,0,0,0
0,9,0,0,0,0,0,0,0,0,0,0
129,138,0,0,0,0,0,0,0,0,0,0
68,82,0,0,0,0,0,0,0,0,0,0
117,131,0,0,1,0,0,0,0,0,0,0
67,81,1,0,0,0,0,0,0,0,0,0
2,31,0,0,0,0,0,0,0,0,0,0
82,84,0,0,0,0,0,0,0,0,0,0
16,35,0,0,0,0,0,0,0,0,0,0
53,57,1,0,0,0,0,0,0,0,0,0
116,126,0,0,0,0,0,0,1,0,1,0
217,236,0,0,0,0,0,0,0,0,0,0
44,50,0,0,0,0,0,0,0,0,0,0
259,262,0,0,0,0,0,0,0,0,0,0
132,147,0,1,0,0,1,0,0,0,0,0
169,171,0,0,0,0,0,0,0,0,0,0
0,29,0,0,0,0,0,0,0,0,0,0
193,194,0,0,0,0,0,0,1,0,0,0
55,58,0,0,0,0,0,0,0,0,0,0
94,103,0,0,0,0,0,0,0,0,0,0
48,53,1,1,0,0,1,1,1,0,1,1
90,103,0,0,0,0,0,0,0,0,0,0
242,244,0,0,0,0,0,0,0,0,0,0
135,138,0,0,1,0,1,0,0,0,0,0
1,12,0,0,0,0,0,0,0,0,0,0
118,130,0,0,0,0,0,0,0,0,0,0
25,35,0,0,0,0,0,0,0,0,0,0
0,13,0,0,0,0,0,0,0,0,0,0
63,83,0,0,0,0,0,0,0,0,0,0
224,229,1,0,0,0,0,0,0,0,0,0
241,247,0,0,0,0,0,0,0,0,0,0
250,260,0,0,1,0,0,0,0,0,0,0
184,187,0,0,0,0,0,0,0,0,0,0
63,65,0,1,0,0,0,0,0,0,0,0
126,145,0,0,0,0,0,0,0,0,0,0
115,121,1,0,0,0,0,0,0,1,0,1
85,87,0,0,0,0,0,0,0,0,0,0
177,193,0,0,0,0,0,0,0,0,1,0
244,257,0,0,1,0,0,0,1,1,1,0
9,20,0,0,0,0,0,0,0,0,0,0
6,12,0,0,0,0,0,0,0,0,0,0
259,265,0,0,0,0,0,0,0,0,0,0
89,110,0,0,0,0,0,1,0,0,0,0
57,62,1,0,0,0,0,1,0,0,0,0
174,192,0,0,0,0,0,0,1,0,0,0
7,8,0,0,0,0,0,0,0,0,0,0
0,22,0,0,0,0,0,0,0,0,0,0
100,111,0,0,0,0,0,0,0,0,0,0
127,132,1,1,1,1,1,0,1,1,1,1
216,231,0,0,0,0,0,0,0,0,0,0
170,193,0,0,0,0,0,0,0,0,0,0
49,62,1,0,0,1,0,1,0,1,0,0
40,46,0,0,1,0,0,1,1,1,0,0
118,126,0,0,0,0,0,0,0,0,0,0
67,86,0,0,0,0,0,0,0,0,0,0
105,113,0,0,1,0,0,0,1,0,0,0
5,22,0,0,0,0,0,0,0,0,0,0
249,251,0,1,0,0,0,0,0,0,0,0
26,34,0,0,0,0,0,0,1,0,1,0
28,31,0,0,0,0,0,0,0,0,0,0
202,205,0,0,0,0,0,0,0,0,0,0
63,84,0,0,0,0,0,0,0,0,0,0
51,55,0,1,0,0,0,0,1,0,0,0
172,173,0,0,0,1,0,0,0,0,0,0
247,265,0,0,1,1,1,1,1,0,1,0
19,36,0,0,0,0,0,0,0,0,0,0
179,190,0,0,1,0,0,0,0,0,0,1
17,22,0,0,0,0,0,0,0,0,0,0
14,22,0,0,0,0,0,0,0,0,0,0
169,175,0,0,0,0,0,0,0,0,0,0
137,147,0,0,1,0,0,0,0,0,0,0
211,218,1,1,1,0,0,0,0,1,0,0
98,113,1,0,0,0,0,0,0,0,0,0
8,27,0,0,0,0,0,0,0,0,0,0
31,38,0,0,0,0,0,0,0,0,0,0
217,238,0,0,0,0,0,0,0,0,1,0
0,3,0,0,0,0,0,0,0,0,0,0
164,165,1,0,0,0,0,0,1,0,0,1
83,84,0,0,0,0,0,0,0,0,0,0
96,108,0,0,0,0,0,0,0,0,1,0
182,194,0,0,0,0,0,0,0,0,0,0
118,123,0,0,0,0,0,0,0,0,0,0
117,118,0,0,0,0,0,1,0,0,1,0
90,93,1,0,1,1,1,1,1,1,1,1
8,11,0,0,0,1,0,0,0,0,0,0
114,142,0,0,0,0,0,0,0,0,0,0
155,167,1,1,1,1,0,1,1,1,1,1
75,78,0,0,0,0,0,0,0,0,0,0
45,52,0,0,0,0,0,0,0,0,0,0
150,162,0,0,0,0,0,0,0,0,1,0
135,136,0,0,0,0,0,1,0,0,0,0
5,29,0,0,0,0,0,0,0,0,0,0
249,258,0,0,0,0,0,0,0,0,0,0
91,109,0,0,0,0,0,0,0,0,0,0
240,264,0,0,1,0,0,0,0,1,0,0
119,147,0,0,0,0,0,0,0,0,0,0
14,36,1,1,0,1,1,1,1,1,1,1
247,262,0,1,0,0,0,0,0,0,0,0
72,79,1,1,1,1,1,1,1,1,1,1
220,227,0,1,0,0,0,0,0,0,0,0
136,140,0,0,0,0,0,0,0,1,0,0
92,105,0,0,0,1,0,0,0,0,0,0
0,1,0,0,0,0,0,0,0,0,0,0
66,78,0,0,0,0,0,0,0,0,0,0
8,20,1,0,1,0,0,0,0,0,0,0
72,81,0,0,0,0,0,0,0,0,0,0
110,113,0,0,0,0,0,1,0,0,0,0
46,57,1,1,0,1,1,1,1,0,1,1
186,193,0,0,0,0,0,0,0,0,0,0
96,101,0,0,0,0,0,0,0,0,0,0
99,101,0,1,0,0,0,0,1,0,0,1
72,84,0,0,0,0,0,0,0,0,0,1
181,190,0,0,0,1,0,0,0,1,0,0
181,185,0,1,0,1,0,0,0,0,0,0
100,109,0,1,0,0,0,0,0,0,0,0
119,140,0,1,1,1,0,1,1,0,1,1
246,253,0,0,0,1,0,0,1,0,1,1
45,59,0,1,1,1,0,1,1,0,0,1
93,98,0,0,0,0,0,0,1,0,0,0
44,48,0,0,0,0,0,0,0,0,0,0
91,100,0,0,0,0,0,0,0,0,0,0
185,194,1,0,0,0,0,1,0,0,0,0
159,162,0,0,1,0,1,1,0,0,0,0
104,105,0,0,1,1,0,0,0,0,0,1
54,61,0,0,0,0,0,0,0,0,0,1
240,263,0,0,0,0,0,0,0,0,1,0
172,176,0,1,0,1,1,1,1,1,1,1
17,37,0,0,0,0,0,0,0,0,0,0
13,21,0,0,0,0,0,0,0,0,0,0
92,113,1,0,0,0,0,0,0,0,0,0
21,27,1,1,1,0,0,0,1,0,1,1
116,131,0,1,0,0,0,0,0,0,0,0
95,104,0,0,0,1,0,0,0,0,1,0
114,119,0,1,0,0,0,0,0,0,0,0
66,71,0,0,0,0,1,0,0,0,1,0
28,29,0,0,0,0,0,0,0,0,0,1
117,148,1,1,1,0,1,0,1,1,1,1
129,146,0,0,0,0,0,1,0,0,0,0
8,29,0,0,0,0,0,0,0,0,0,0
123,129,0,0,0,0,0,0,0,0,0,0
201,202,0,0,1,0,0,0,0,0,0,0
117,122,0,0,0,1,0,1,0,0,1,0
249,256,0,0,0,0,0,0,0,0,0,0
251,256,0,1,0,0,1,0,1,0,0,1
99,108,0,0,0,1,0,0,1,0,0,1
43,45,0,0,0,0,0,0,0,0,0,0
212,230,1,1,1,0,1,0,1,1,1,1
249,263,1,1,1,1,1,1,1,1,1,1
101,102,0,0,0,0,0,1,0,1,0,0
157,160,1,1,1,0,1,0,1,1,1,0
47,55,0,0,0,0,0,0,0,0,0,0
75,76,0,0,0,0,0,0,0,0,0,0
218,227,0,0,0,0,1,0,0,0,0,1
141,143,0,0,0,0,0,1,0,1,0,0
121,126,0,0,1,1,0,1,0,1,1,1
245,252,0,0,1,0,0,0,0,1,0,0
1,37,0,0,0,0,0,0,0,0,0,0
105,106,1,1,1,0,0,1,1,1,1,1,1,1,1,1,1,1,1,1,1,1
65,83,0,0,0,0,0,0,0,0,0,0
57,58,0,0,0,0,0,0,0,0,0,0
5,37,0,0,0,0,0,0,0,0,0,0
19,25,0,0,0,0,0,0,0,0,0,0
214,237,0,0,0,0,0,0,0,1,0,0
21,28,0,0,0,0,0,0,0,0,0,0
3,35,0,0,0,0,0,0,0,0,0,0
152,168,1,1,1,1,1,1,1,1,1,1
116,138,0,0,0,0,0,0,0,1,0,0
135,148,0,0,0,1,0,0,0,1,1,0
11,35,0,0,0,0,0,0,0,0,0,0
243,261,0,0,0,0,0,0,0,0,0,0
6,34,0,0,0,0,0,0,0,0,0,0
2,16,0,0,0,0,0,0,0,0,0,0
151,158,0,0,0,1,1,0,0,0,1,0
73,81,0,0,0,0,0,0,0,0,0,0
172,189,0,0,0,0,0,0,0,0,0,0
250,252,1,0,0,0,0,0,0,0,0,0
92,93,0,0,0,0,0,0,0,0,0,0
222,233,0,0,0,0,1,0,0,0,0,0
69,75,0,0,0,0,0,0,0,0,0,0
98,107,0,0,0,0,0,0,0,0,0,0
212,237,0,0,0,0,0,0,0,0,1,0
215,222,1,1,0,1,0,0,0,1,0,0
219,222,1,0,0,1,0,0,0,0,0,0
118,144,0,1,0,0,0,0,0,0,1,1
75,86,1,1,1,1,1,0,1,0,1,1
214,227,0,0,0,1,0,0,0,0,0,0
39,53,0,0,0,1,0,0,0,0,0,0
141,144,0,0,0,0,0,0,0,1,0,0
261,264,1,0,0,0,0,0,1,1,0,0
44,46,0,0,1,1,0,0,1,0,1,0
2,3,0,0,0,0,0,0,0,0,0,0
248,261,0,0,0,0,0,0,0,1,1,0
245,255,1,1,0,1,0,1,1,0,0,1
215,220,0,1,1,0,0,0,0,0,1,0
192,194,1,0,1,1,1,1,1,1,1,1
1,38,0,0,0,0,0,0,0,0,0,0
171,193,0,0,0,0,0,0,1,0,0,0
213,238,1,0,0,0,1,0,0,0,0,0
5,30,0,0,0,0,0,0,0,0,0,0
59,60,1,0,1,0,0,0,0,0,0,0
35,37,0,0,0,0,0,0,0,1,0,0
70,72,0,0,0,0,0,0,0,0,0,0
3,26,0,0,0,0,0,0,0,0,0,0
3,32,0,0,0,0,0,0,0,0,0,0
152,161,0,0,0,0,0,0,0,1,0,0
173,190,0,0,0,0,0,0,1,0,0,0
66,86,0,0,0,0,0,0,0,1,0,0
135,147,0,0,1,0,0,0,0,0,0,0
22,34,0,0,0,0,0,0,0,0,0,0
97,102,0,0,0,0,0,0,0,0,1,0
246,254,0,0,0,1,1,0,0,0,0,1
117,146,0,0,0,0,0,0,0,0,1,0
3,7,0,0,0,0,0,0,0,0,0,0
222,227,0,1,0,0,1,0,0,1,1,0
102,106,1,0,0,0,0,0,0,0,1,1
211,237,0,0,0,1,0,0,0,0,0,0
172,186,0,1,0,0,0,0,0,0,0,0
40,62,0,0,0,0,0,0,0,1,0,0
44,62,0,0,0,0,0,0,0,0,0,0
149,161,0,0,1,0,1,0,0,0,0,0
129,148,1,0,0,0,0,0,1,0,0,0
124,143,0,0,0,0,0,0,0,0,0,0
161,165,1,1,0,1,0,0,0,0,0,0
88,110,0,0,0,0,0,0,0,0,0,0
210,236,0,0,0,0,1,0,1,0,1,0
2,5,0,0,0,0,0,0,0,0,0,0
214,230,0,0,0,0,1,0,0,0,0,0
219,225,0,0,0,0,1,0,0,1,0,0
248,251,0,0,0,0,0,0,0,0,0,0
219,234,0,0,0,0,0,0,0,0,0,0
203,208,0,0,0,0,0,0,0,0,0,0
39,54,1,1,0,0,0,0,0,0,0,0
133,145,0,0,0,1,0,0,0,0,0,0
154,156,0,1,0,0,1,0,0,0,0,1
130,138,0,0,0,0,0,0,1,0,0,0
93,105,1,0,0,1,1,0,0,0,1,0
246,260,0,0,0,1,0,0,0,0,0,0
125,128,0,1,0,0,0,0,0,0,0,0
246,264,0,1,0,0,0,0,0,1,0,0
4,23,0,0,0,0,0,0,0,0,0,0
32,37,0,0,0,0,0,0,0,0,0,0
257,259,1,0,0,1,0,0,0,0,0,1
23,37,0,0,0,0,0,0,0,0,0,0
214,235,0,0,0,0,0,0,0,1,0,0
229,230,0,1,1,0,0,0,0,0,0,1
151,156,0,0,1,0,0,0,0,0,0,0
12,32,0,0,0,0,0,0,0,0,0,0
77,80,0,0,0,0,0,0,0,0,0,0
2,7,0,0,0,0,0,0,0,0,0,0
6,28,0,0,0,0,0,0,0,0,0,0
3,4,0,0,0,0,0,0,0,0,0,0
254,258,0,0,0,0,0,0,0,0,0,0
149,166,0,0,1,0,0,0,0,0,1,0
224,237,0,0,0,0,0,0,0,1,0,0
210,231,0,0,0,0,0,1,1,0,1,0
63,77,0,0,0,0,0,0,0,0,0,0
2,23,0,0,0,0,0,0,0,0,0,0,0,0,0,0,0,0,0,0,0,0
156,157,0,1,0,0,0,0,0,0,0,0
90,96,1,0,0,0,0,0,0,0,0,0
76,84,0,0,0,0,0,0,0,0,0,0
170,179,0,0,1,0,0,0,0,0,0,0
180,192,1,1,0,1,1,1,1,0,0,0
254,262,0,0,0,0,0,0,0,1,0,0
154,167,0,0,0,0,0,0,0,0,0,0
20,24,0,0,0,0,0,0,0,0,0,0
153,156,0,0,0,0,0,0,0,0,0,0
15,16,0,0,0,0,0,0,0,0,1,0
41,43,0,0,0,0,0,0,0,0,0,0
136,139,0,0,0,0,0,0,0,0,0,0
4,24,0,0,0,0,0,0,0,0,0,0
13,33,1,1,1,1,1,1,1,0,1,1
190,192,0,0,0,0,0,0,1,1,0,1
66,83,0,0,0,0,0,0,0,0,0,0
43,60,0,0,0,0,0,0,0,0,0,0
2,9,0,0,0,0,0,0,0,0,0,0
134,145,0,0,0,0,0,1,0,0,0,0
241,260,0,0,0,0,0,0,0,0,0,0
15,26,0,0,0,0,0,0,0,0,0,0
11,12,0,0,0,0,0,0,0,0,0,0
171,183,0,1,0,0,0,0,0,0,0,0
12,35,0,0,0,0,0,0,0,0,0,0
94,107,0,0,1,0,0,1,0,0,0,0
203,206,0,0,0,0,0,0,0,0,0,0
173,180,0,0,0,0,0,0,0,0,0,0
6,21,0,0,0,0,0,0,0,0,0,0
95,98,0,0,0,0,0,0,0,0,0,0
13,18,0,0,0,0,0,0,0,0,0,0
196,204,0,0,0,0,0,1,0,0,0,0
130,141,0,0,0,1,0,0,0,1,0,0
246,257,1,1,0,1,1,0,0,0,1,0,1,1,1,0,1,0,0,0,1,1
125,145,0,0,0,0,0,0,0,0,0,0
210,238,1,0,0,0,0,0,0,0,0,0
1,24,0,0,0,0,0,0,0,0,0,0
2,28,0,0,0,0,0,0,0,0,0,0
150,164,0,1,0,0,1,0,0,0,1,1
215,231,0,1,1,0,0,0,0,0,0,0,1,1,0,0,0,0,0,0,0,0
247,255,1,0,0,0,1,0,0,0,0,1
195,207,0,0,0,0,0,0,0,0,0,0
151,153,0,0,0,0,0,0,0,0,0,0
199,200,0,0,0,0,0,0,0,0,0,0
8,32,0,0,1,0,0,0,0,0,0,0
4,9,0,0,0,0,1,0,0,0,0,0
123,136,0,0,0,0,0,0,0,0,1,0
154,158,0,0,0,0,0,1,0,0,0,0
175,193,0,0,0,0,0,0,0,0,0,0
174,186,0,0,0,0,1,0,0,0,0,0,0,0,0,0,0,0,0,0,0,0
175,186,0,0,0,0,0,0,0,0,0,0
158,168,0,0,0,0,1,0,0,0,0,0
227,230,0,1,0,0,1,0,1,1,1,1
125,134,1,1,1,1,1,1,0,1,1,1
217,234,0,1,0,0,0,0,0,0,1,1
41,44,1,1,1,1,1,1,1,0,1,1
40,48,1,0,0,0,0,0,0,0,0,0,0,0,1,1,0,0,0,0,0,0
226,232,0,0,0,0,0,1,0,0,1,0
13,38,0,0,0,0,0,0,0,0,0,0
120,148,0,0,0,0,0,0,0,0,0,0
10,26,0,0,0,0,0,0,0,0,0,0
12,27,1,0,0,0,0,0,0,0,0,0
104,110,0,0,0,0,0,0,0,0,0,0
114,136,0,0,0,0,0,0,0,0,1,0
239,265,0,0,0,0,0,0,0,0,0,0
15,34,0,0,0,0,0,0,0,0,0,0
47,60,0,0,0,0,0,0,0,0,0,0
6,26,0,1,1,0,0,0,0,0,0,0
254,256,0,0,0,0,0,0,1,0,0,1
223,224,1,0,0,0,1,0,0,0,0,0
10,16,0,1,0,0,0,0,1,0,0,0
2,10,0,0,0,0,0,0,0,0,0,0
63,79,0,0,0,0,0,0,0,1,0,1
229,232,0,0,0,0,0,1,0,0,1,0
131,134,0,0,0,0,0,0,1,0,0,0
40,57,1,1,0,0,0,0,1,0,0,0
102,112,0,0,0,0,0,0,0,0,0,1
39,60,0,0,0,0,0,0,0,0,0,0
210,223,0,0,0,0,0,0,0,0,1,0
123,139,0,0,0,0,0,0,0,0,0,0
4,6,0,0,0,0,0,0,0,0,0,0
106,113,0,0,0,0,0,0,0,1,0,1
263,264,0,0,1,0,0,0,0,1,0,0
227,236,0,0,0,0,0,0,0,1,0,0
158,161,0,0,1,0,1,0,0,0,1,1
5,16,0,0,0,0,0,0,0,0,0,0
125,133,0,0,0,1,0,0,0,0,0,0
4,17,0,0,0,0,0,0,0,0,0,0
216,232,0,0,0,0,0,0,0,1,0,0
40,47,1,1,1,1,1,1,1,1,1,1
52,58,0,0,0,0,0,0,0,0,0,0
230,234,0,0,0,0,1,0,1,0,0,1
120,143,0,0,0,0,0,0,0,0,0,1
89,94,0,0,0,0,1,0,0,0,0,0
11,29,1,1,1,1,1,1,1,1,1,1
94,113,0,0,0,0,0,0,0,1,0,0
71,75,0,0,0,0,0,0,0,0,0,0
235,238,0,0,0,0,0,0,0,1,0,0
78,83,0,0,0,0,0,0,0,0,0,0
172,193,1,1,1,1,1,1,1,1,1,1
115,138,1,0,1,0,0,0,0,0,0,0
228,235,0,1,0,0,0,0,0,0,0,0
127,142,0,0,0,0,0,0,0,0,0,0
257,262,0,0,0,0,0,0,1,0,0,0
3,29,0,0,0,0,0,0,0,0,0,0
21,23,0,1,0,0,0,1,0,1,0,1
64,69,0,0,0,0,0,0,0,0,0,0
2,17,0,0,0,0,0,0,0,0,0,0
115,142,0,0,0,0,0,0,0,0,0,0
16,28,0,0,0,0,0,0,0,0,0,0
65,70,0,0,0,0,0,0,0,0,0,0
189,191,0,0,0,0,0,0,0,1,0,0
68,74,0,0,0,0,0,0,0,0,0,0
40,50,0,0,0,1,0,0,0,1,0,0
64,84,0,0,0,0,0,0,0,0,0,0
162,166,0,0,0,0,1,0,0,0,0,0
9,36,0,0,0,0,0,0,0,0,0,0
260,265,0,0,0,0,1,1,0,0,1,0
178,191,1,0,0,1,0,0,0,0,0,0
128,146,0,0,0,0,0,0,0,0,0,0
16,18,0,0,0,0,0,0,0,0,0,0
20,36,0,0,0,0,0,0,0,0,0,0
124,134,0,1,0,0,0,0,0,0,0,0
217,229,0,0,0,0,0,0,0,0,0,0
166,168,0,0,0,0,0,0,0,0,1,0
241,252,0,0,0,0,0,0,0,0,0,0
42,43,0,0,0,0,0,0,0,0,0,1
178,184,1,1,0,1,1,0,1,0,0,0,1,1,1,1,0,1,1,1,0,0
1,25,0,0,0,0,0,0,0,0,0,0
248,254,0,1,0,0,0,0,0,0,0,0
156,162,0,0,0,0,0,0,0,0,1,0
3,18,0,0,0,0,0,0,0,0,0,0
11,20,0,0,0,0,0,0,0,0,0,0
242,251,0,0,1,0,0,1,0,0,0,0
0,35,0,0,0,0,0,0,0,0,0,0
245,261,0,0,0,1,0,0,1,0,0,0
39,61,0,0,1,0,0,0,0,0,0,0
4,35,0,0,0,0,0,0,0,0,1,0
71,72,0,0,0,0,0,0,0,0,0,0
89,109,0,0,0,0,0,0,0,0,0,0
128,132,0,1,0,0,1,0,0,0,0,0
67,71,0,0,0,0,0,0,0,0,0,0
240,242,0,0,0,0,0,0,0,1,0,0
3,20,0,0,0,0,0,0,0,0,0,0
171,172,0,0,0,0,0,0,0,0,0,0
139,144,0,0,0,0,0,0,0,0,0,0
16,21,0,0,0,0,0,0,0,0,0,0
200,208,0,0,0,0,0,1,0,0,0,1
65,77,0,0,0,0,0,0,0,0,0,0
212,225,0,1,0,0,1,0,0,1,1,0
114,138,0,0,1,0,0,0,0,0,0,0
197,202,1,0,0,0,0,0,0,0,0,0
205,207,0,1,0,0,0,0,0,1,0,0
180,185,0,0,0,0,0,0,0,0,0,0
101,111,0,0,0,0,0,0,0,0,0,0
169,187,0,0,0,0,0,0,0,0,0,0
128,141,0,0,0,0,0,0,1,0,1,0
170,181,0,0,0,0,0,0,0,0,0,0
16,17,0,0,0,0,0,0,0,0,0,0
216,217,0,0,0,1,0,0,0,0,0,0
39,45,0,0,0,0,0,1,0,0,0,0
4,19,0,0,0,1,0,0,0,0,0,0
120,135,0,0,0,0,0,0,0,0,0,0
165,167,0,0,1,0,1,0,0,0,0,0
31,32,0,0,0,0,0,0,0,0,0,0
54,58,0,0,0,0,0,0,0,0,0,0
247,250,0,0,0,0,0,0,1,0,0,0
30,36,0,0,0,0,0,0,0,0,1,0
49,55,0,0,1,1,0,0,0,0,0,0
109,110,0,0,0,0,0,0,0,0,0,0
3,11,0,0,0,0,1,0,0,0,0,0
12,13,0,0,0,0,0,1,0,0,0,0
183,194,0,0,0,0,0,0,1,0,0,0
119,120,0,0,0,0,0,0,0,0,0,0
204,207,0,0,0,0,0,0,0,1,0,0
11,37,0,0,0,0,0,0,0,0,0,0
89,102,0,0,0,0,0,1,0,0,0,0
240,245,0,1,0,1,1,0,1,0,0,0
7,30,0,0,0,0,0,0,0,0,0,0
151,162,0,0,1,0,1,1,0,0,0,0
16,26,0,0,0,0,0,0,0,0,0,0
200,203,0,0,0,0,0,0,0,0,0,0
224,226,0,1,0,0,1,0,1,1,0,0
70,86,0,0,0,0,0,0,0,0,0,0
101,110,0,0,0,0,0,0,0,0,0,0
211,214,1,1,1,1,1,1,1,1,1,1
128,148,0,0,1,0,0,0,0,1,0,0
19,33,1,0,0,0,0,0,0,0,0,0
7,19,0,0,0,0,0,0,0,0,0,0
99,104,0,0,0,0,0,0,0,1,0,0
33,34,0,0,0,0,0,0,0,0,0,0
120,122,0,0,0,0,0,0,0,0,0,0
226,238,0,0,0,0,0,0,0,0,0,1
210,212,0,0,0,1,0,0,0,1,0,0
121,147,1,0,0,1,0,0,0,1,1,0
239,250,0,0,0,0,0,0,0,1,0,0
17,29,0,0,0,0,0,0,0,0,0,0
122,144,0,0,0,0,0,0,0,0,0,0
42,51,0,0,1,0,0,0,0,0,0,0
136,137,0,0,0,0,0,0,0,0,0,0
107,112,0,0,0,0,0,0,0,0,0,0
132,135,0,0,0,0,0,0,0,1,0,1
46,49,1,0,1,1,0,1,0,1,0,0,1,0,1,1,1,0,0,0,1,1
150,168,0,0,0,0,0,0,0,0,1,0
91,113,0,0,0,0,0,0,0,0,0,0
11,38,0,0,0,0,0,0,0,0,0,0
10,30,0,0,0,0,0,0,0,0,0,0
50,57,0,0,0,0,0,1,0,0,0,0
7,25,1,0,0,0,0,0,0,0,0,0
234,238,0,1,0,0,0,0,0,0,0,0
21,31,0,0,0,0,1,0,1,0,1,0
138,148,0,0,0,0,0,0,0,0,0,0
129,130,0,0,0,0,0,0,0,0,0,1
88,92,0,0,0,0,0,0,0,0,0,0
79,86,0,0,0,0,0,0,0,0,0,0
247,248,1,1,1,1,1,0,1,1,1,1
100,104,1,0,0,0,0,0,0,0,0,0
41,54,0,0,0,0,1,0,0,0,0,0
52,55,0,0,0,0,0,0,0,0,0,0
29,30,0,0,0,0,0,0,0,0,0,0
7,12,0,0,0,0,0,0,0,0,0,0
94,95,0,0,0,0,0,0,0,1,0,0
220,234,0,1,0,1,0,1,0,1,1,1
176,181,0,0,0,0,0,0,0,0,0,0
9,15,0,0,0,0,0,0,0,0,0,0
69,81,0,0,0,1,0,0,0,0,0,0
42,56,0,0,0,0,0,1,0,0,1,0
240,258,0,1,0,0,0,0,0,1,0,0
204,209,0,1,0,0,0,0,0,0,0,0
229,234,1,1,0,0,1,1,1,0,0,1
170,194,0,0,0,0,0,0,0,0,0,0
119,136,0,0,0,0,0,0,0,0,0,0
236,238,0,1,1,0,0,0,0,0,1,0
10,37,0,0,0,1,0,0,0,0,0,0
43,53,0,0,0,0,0,0,0,0,0,0
58,61,0,0,0,0,0,0,0,0,0,0
234,237,0,0,0,1,0,1,0,1,1,0
81,83,0,0,0,0,0,0,0,0,0,0
138,141,0,0,0,0,0,0,0,0,0,0
24,30,0,0,0,0,1,0,0,0,0,0
1,23,0,0,0,0,0,0,0,0,0,0
22,29,0,0,0,0,0,0,0,0,0,0
247,252,0,0,0,0,0,0,0,0,0,1
239,244,0,0,0,0,0,0,0,0,0,0
115,131,0,0,0,0,0,0,1,0,0,1
37,38,0,0,0,0,0,0,0,0,0,0
71,84,0,0,0,0,1,0,1,1,0,0
256,261,0,0,0,0,0,1,0,0,1,1
197,209,0,1,1,1,1,0,1,1,1,1
129,137,0,0,0,1,0,0,0,0,0,0,0,0,0,0,0,0,0,0,1,1
115,123,0,0,0,1,0,0,0,0,0,0
253,258,0,0,0,0,0,0,0,0,0,0
67,87,1,1,1,1,1,1,1,1,1,1
149,150,0,0,0,1,1,0,0,0,0,0
213,225,0,0,0,0,0,0,1,0,0,0
8,37,0,0,0,0,0,0,0,0,0,0
176,186,0,0,1,0,0,0,0,0,0,0
116,127,0,0,0,0,0,0,0,0,0,0
212,214,1,0,0,0,1,0,0,0,0,0
192,193,0,0,0,0,0,0,0,0,0,0
69,86,0,0,0,0,0,0,0,0,0,0
207,209,0,0,0,0,0,1,0,0,0,0
126,137,0,0,0,0,0,0,0,0,0,0
124,127,0,0,1,0,0,0,0,0,0,1
27,37,0,0,0,0,0,0,0,0,0,0
240,251,0,1,0,0,0,0,0,1,0,0
231,238,1,1,1,1,1,1,1,1,1,1
153,162,0,0,0,0,0,0,0,0,0,0
218,224,0,0,0,0,1,0,1,0,0,0
42,62,0,0,0,0,0,0,0,0,0,0
251,266,0,1,1,0,1,0,0,0,0,0
81,84,0,0,0,0,0,0,0,0,0,0
150,156,0,1,0,0,1,0,0,1,0,1
134,138,0,0,0,0,0,0,0,0,0,0
253,265,0,0,0,0,0,1,0,0,0,0
118,137,0,0,0,0,0,0,1,0,0,0
186,190,0,1,1,1,1,1,1,1,1,1
18,23,0,0,0,0,0,1,0,0,0,0
0,19,0,0,0,0,0,0,0,0,0,0
215,224,0,0,0,0,0,0,0,1,0,0
224,228,0,0,0,0,0,0,0,0,0,0
211,224,0,0,0,1,0,0,1,0,1,1
158,163,0,0,0,0,0,0,0,0,0,0
95,96,0,0,0,0,0,0,0,0,1,0
115,120,0,0,0,0,0,0,0,0,0,0
117,130,1,0,0,0,0,0,0,0,0,0
64,74,0,0,0,0,0,0,0,0,0,0
2,36,0,0,0,0,0,0,0,0,0,0
244,251,0,0,0,0,0,0,0,1,0,1
82,85,0,0,0,0,0,0,0,0,0,0
16,32,0,0,0,0,0,0,0,0,0,0
53,56,0,0,0,0,0,0,0,1,0,0
17,38,0,0,0,0,0,0,0,0,0,0
177,181,0,0,0,0,0,0,0,0,0,0
6,14,0,0,0,1,0,0,0,0,0,0
217,235,0,1,0,0,1,0,0,0,1,1
44,57,0,0,0,0,0,0,0,0,0,0
259,263,0,0,0,1,1,0,0,0,0,1
132,146,0,0,0,0,0,1,0,0,0,0
131,148,0,0,0,0,0,1,0,0,1,0
169,172,0,1,0,0,0,0,0,0,1,1
0,28,0,0,0,0,0,0,0,0,0,0
1,5,0,0,0,0,0,0,0,0,1,0
127,138,0,0,0,0,0,0,0,0,0,0
217,220,0,0,0,0,0,0,0,0,0,0
48,52,1,0,1,0,0,0,0,0,0,0
40,45,0,0,0,0,0,1,0,0,0,0
121,131,0,0,0,0,0,0,1,0,0,0
64,73,0,0,0,0,0,0,0,0,0,0
242,245,0,0,0,0,1,0,0,1,0,0
252,264,0,0,0,0,0,1,0,0,0,0,0,0,0,0,0,0,0,0,0,0
1,15,0,0,0,0,1,0,0,0,0,0
249,257,0,0,0,0,0,0,0,0,0,0
25,36,0,0,0,0,0,0,0,0,0,0
28,37,0,0,0,0,0,0,0,0,0,0
0,10,0,0,0,0,0,0,0,0,0,0
63,82,1,0,1,0,1,1,1,1,1,1
241,246,0,0,0,1,0,0,0,0,1,0
116,134,0,0,1,0,0,0,0,1,0,0
17,28,0,0,0,0,0,0,0,0,0,1
214,238,0,0,0,0,0,0,0,0,0,0
63,64,0,0,0,0,0,0,0,0,0,0
7,24,1,1,0,0,1,0,0,1,0,0
253,256,0,0,0,0,0,0,0,0,0,1
211,219,1,0,0,0,0,0,0,0,1,0
85,86,0,0,0,0,0,0,0,0,0,0
216,219,0,1,0,0,0,0,0,1,0,1
198,201,0,0,0,0,0,0,0,1,0,0
244,256,0,0,1,0,0,0,0,1,0,0
169,174,0,0,0,0,0,0,0,0,0,0
9,21,1,1,1,1,1,1,1,1,1,1
177,188,0,0,0,0,0,0,0,0,0,0
6,13,0,1,1,1,1,1,1,1,1,1
32,38,0,0,0,0,0,0,0,0,0,0
214,215,0,0,0,0,0,0,0,1,0,0
118,124,0,0,0,0,0,0,0,0,0,0
76,83,0,0,0,0,0,0,0,0,0,0
0,21,0,0,0,0,0,0,0,0,0,0
90,99,0,0,0,0,1,0,0,0,0,0
150,167,0,0,0,0,1,0,0,0,0,0
127,133,1,0,0,0,0,0,0,0,0,0
16,27,0,0,0,0,0,0,0,0,0,0
45,54,0,0,0,0,1,1,0,1,1,1,0,0,1,1,0,0,1,0,0,0
119,135,0,0,0,0,0,0,0,0,0,0
5,23,0,0,0,0,0,0,0,0,0,0
0,7,0,0,0,0,0,0,0,0,0,0
26,37,0,0,0,0,0,0,0,0,0,0
28,30,0,0,0,0,0,0,0,0,0,0
202,206,1,1,1,1,1,1,1,1,1,1
56,62,0,0,0,0,0,0,0,0,0,1
104,108,0,0,0,0,0,0,0,0,0,0
51,54,1,0,1,1,0,1,0,1,1,1
14,38,0,0,0,0,0,0,0,0,0,0
247,264,1,0,0,0,0,0,0,0,0,1
19,35,0,0,0,0,0,0,0,0,0,0
72,73,0,0,0,0,0,0,0,0,0,0
254,261,1,0,1,1,1,1,1,1,1,1
17,23,0,0,0,0,0,0,0,0,0,0
14,21,0,0,0,0,0,0,0,0,0,0
187,189,0,0,0,0,0,1,0,0,0,0
137,144,0,0,0,1,0,0,0,0,0,0
92,103,0,0,0,0,0,0,0,0,0,0
147,148,1,1,1,1,1,0,1,1,1,1
98,110,0,0,0,0,0,0,0,0,0,0
9,28,0,0,0,0,0,0,0,0,0,0
8,26,0,0,0,0,0,0,0,0,0,0
46,59,1,0,0,0,0,0,0,0,0,0
83,87,0,0,0,0,0,0,0,0,0,0
96,107,1,1,1,0,1,1,1,1,1,1
181,183,0,0,0,0,0,0,0,0,0,0
0,5,0,0,0,0,0,0,0,0,1,0
8,16,0,0,0,0,0,0,0,0,0,0
180,183,0,0,0,0,0,0,0,0,0,0
45,53,0,0,0,0,0,1,0,1,0,1
150,161,0,0,0,1,0,0,1,0,1,1
249,259,0,0,0,0,0,0,0,0,1,0
159,164,1,0,1,0,1,0,0,0,0,0
240,265,0,1,1,0,1,0,0,0,0,1
14,37,1,1,1,1,1,1,1,1,0,1
17,31,0,0,0,0,0,0,0,0,0,0
18,32,0,0,0,0,0,0,0,0,0,0
220,224,1,1,0,1,1,0,0,0,0,0
223,238,0,1,0,0,1,0,0,0,0,0
136,143,0,0,0,0,0,0,0,1,0,0
92,104,0,0,0,0,0,0,0,0,0,0
226,234,0,0,0,0,0,0,0,1,1,0
98,103,0,1,0,0,0,0,0,1,0,0
213,233,0,0,0,0,1,0,1,0,0,1
72,80,0,0,0,0,0,0,0,0,0,0
43,46,1,0,1,0,0,0,0,0,0,0
117,128,1,0,0,0,0,1,0,0,0,0
46,56,0,0,0,0,0,0,0,0,0,0
96,100,1,0,1,1,1,1,1,1,1,1
99,106,1,0,1,0,1,1,0,0,0,0
171,181,0,1,0,0,0,0,0,0,1,0
181,191,0,0,0,0,0,0,0,1,0,0
181,184,0,0,0,1,1,0,1,0,0,0
103,110,0,0,0,0,0,0,0,0,0,0
119,141,0,0,0,0,0,0,0,1,0,0
157,166,0,0,0,0,0,0,0,0,0,0
226,228,0,0,0,1,0,0,1,0,0,0
140,141,0,0,1,0,0,0,0,0,0,0
44,49,1,0,0,0,0,0,1,0,0,0
91,101,0,0,1,0,0,0,0,0,0,0
90,109,0,0,0,0,0,0,0,0,0,0
159,163,0,0,0,0,0,0,1,1,0,0
104,106,0,0,0,0,0,1,0,0,1,0
54,60,0,0,0,0,0,0,0,0,0,0
65,85,0,0,0,0,0,0,0,0,0,0
100,103,0,0,0,0,1,0,0,0,0,0
17,36,0,0,0,0,0,1,0,0,0,0
13,26,0,0,0,0,0,0,1,0,0,0
35,38,0,0,0,0,0,1,0,0,0,0
243,249,0,0,0,1,0,0,1,0,1,0
214,236,0,0,0,0,0,0,0,0,0,0
21,26,0,0,0,0,0,1,0,0,0,0
116,136,0,0,0,0,0,0,0,0,0,0
136,148,0,0,0,0,0,0,0,0,0,0
95,105,0,0,0,0,0,0,1,0,0,0
114,116,0,0,0,0,0,0,0,0,1,0
66,70,0,0,0,0,0,0,0,0,0,0
246,259,1,0,0,1,0,0,0,0,0,1
217,233,0,1,0,0,1,0,0,0,1,0
8,28,0,0,0,0,1,0,0,0,0,0
73,87,0,0,0,0,0,0,0,0,0,0
250,254,0,0,0,0,0,0,0,0,0,0
117,123,0,0,0,0,0,0,0,0,0,0
251,255,0,0,1,0,1,0,0,0,0,0
99,109,0,0,0,0,0,0,0,0,1,0
129,145,0,0,0,0,0,0,0,0,0,0
43,44,0,0,0,0,1,0,0,0,0,1
212,231,0,0,0,1,0,0,1,0,1,0
230,238,0,0,0,1,0,0,0,0,1,0
249,262,0,0,0,0,0,0,1,0,0,0
20,22,0,0,0,0,0,0,0,0,0,0
157,161,0,0,0,0,0,0,0,0,0,0
47,52,1,0,0,1,0,0,0,0,1,0
226,227,0,0,0,1,0,1,1,0,0,1
214,221,0,0,1,0,0,0,0,0,0,0
141,142,0,0,0,0,0,0,0,0,0,0
122,133,0,1,0,1,1,0,0,0,1,0
155,166,1,0,0,0,0,0,0,1,0,0
245,253,0,0,0,0,0,0,0,0,1,0
40,52,0,0,0,0,1,0,1,0,0,1
1,36,0,0,0,0,0,0,0,0,0,0
171,194,0,0,0,0,0,0,0,0,0,0
65,82,0,0,1,0,0,0,0,0,0,0
8,25,0,0,0,0,0,0,0,0,0,0
5,36,0,0,0,0,0,0,0,0,0,0
19,26,1,1,1,1,1,1,1,1,1,1
3,34,0,0,0,0,0,0,0,0,0,0
153,159,1,0,1,0,1,1,1,1,1,1
116,139,0,0,0,0,0,0,0,0,0,0
66,80,0,0,0,0,0,0,0,0,0,0
66,82,0,0,0,0,0,0,0,0,0,0
115,119,0,0,0,0,0,0,0,0,0,0
246,252,0,0,0,0,0,0,1,0,0,0
6,35,0,0,0,0,0,0,0,0,0,0
117,140,1,0,0,0,1,0,0,0,0,0
108,109,0,0,0,0,0,0,0,0,0,0
170,174,0,0,0,0,0,0,0,0,0,0
172,188,0,0,0,0,0,0,0,1,0,0
250,253,0,0,0,1,0,0,0,0,0,0
92,94,0,0,0,0,0,0,0,0,0,0
248,265,1,0,1,1,1,0,1,1,0,1
69,76,0,0,0,0,0,0,0,0,0,0
98,106,1,0,0,0,0,0,0,0,0,0
0,4,1,1,1,1,1,1,1,1,1,1
161,163,0,0,0,0,0,0,1,1,0,1
219,223,0,0,0,0,0,0,0,0,0,1
118,147,0,0,0,0,0,0,0,0,1,0
75,87,0,0,0,0,0,0,0,0,0,0
83,86,0,0,0,0,0,0,0,0,0,0
214,226,0,1,0,0,0,1,0,0,0,0
203,209,0,0,0,0,0,0,0,0,0,0
39,52,0,0,0,0,0,0,0,0,0,0
100,105,0,0,0,0,0,0,0,0,0,0
179,180,0,1,0,0,0,0,0,0,0,0
44,47,1,0,0,0,0,0,0,0,0,0
130,136,0,0,0,0,0,0,0,0,0,1
248,262,0,0,0,0,0,0,0,1,0,0
70,78,0,0,0,0,0,0,0,0,0,0
1,34,1,1,1,1,0,1,1,1,1,0
246,262,0,0,0,1,0,0,0,0,1,0
116,142,0,0,0,0,0,0,0,0,0,0
35,36,0,0,0,0,0,0,0,0,0,0
70,73,1,1,1,1,1,1,1,1,1,1
20,28,0,0,0,0,0,0,0,0,0,0
152,160,0,1,0,0,1,0,0,1,0,1
173,193,0,0,0,0,0,0,0,0,0,0
66,87,0,0,0,0,0,0,0,0,0,0
135,140,0,0,0,0,0,0,1,0,0,0
22,37,0,0,0,0,0,0,0,0,0,0
97,103,0,1,0,0,0,0,0,0,0,0
117,147,1,1,1,1,1,1,1,1,1,1
244,261,1,0,0,0,0,0,1,0,0,0
102,107,0,0,0,0,0,1,0,0,0,0
12,38,0,0,0,0,0,0,0,0,0,0
126,139,0,0,0,0,0,0,0,0,0,0
172,181,0,0,0,1,0,1,1,0,0,0
153,164,0,0,0,0,0,0,0,0,0,1
149,160,1,0,1,0,0,0,0,1,0,0
221,230,1,0,0,0,0,0,1,0,0,1
179,185,1,1,1,1,1,1,1,1,1,1
124,140,0,0,0,0,0,0,0,0,0,0
161,164,1,1,1,1,1,1,1,1,1,1
210,237,1,1,0,0,1,0,0,0,1,0
2,25,0,0,0,0,0,0,0,0,0,0
248,250,0,0,1,0,0,0,0,0,0,0
170,178,0,0,0,0,0,0,0,0,0,0
219,237,0,0,1,0,0,0,0,0,0,1
67,80,1,1,1,1,1,1,1,1,1,1
133,142,0,0,0,0,0,0,0,0,0,0
154,157,0,0,0,0,0,1,0,0,0,0
130,139,0,0,0,0,0,0,0,0,0,0
93,106,0,1,0,1,0,0,0,0,1,1
153,157,0,0,0,0,0,0,1,0,0,0
41,49,0,0,0,0,0,1,0,0,0,0
243,257,0,1,0,0,0,0,0,1,0,0
4,22,0,0,0,0,0,0,0,0,0,0
34,35,0,0,0,0,0,0,0,0,0,0
13,35,0,0,0,0,0,0,1,0,0,0
142,146,0,0,0,0,0,0,1,0,0,0
211,212,0,0,0,0,1,0,0,0,0,0
116,117,0,0,0,1,0,1,0,1,0,1
134,143,0,0,0,0,0,0,0,0,0,1
94,108,0,0,0,0,0,0,1,0,0,0
23,34,0,0,0,0,1,0,0,0,0,0
176,190,0,0,0,0,0,0,0,0,0,0
241,266,0,0,0,0,0,0,0,0,0,0
15,20,1,1,1,1,1,1,1,1,1,1
73,79,0,0,0,0,0,0,0,0,0,0
12,33,0,0,0,0,0,0,0,0,0,0
22,30,0,0,0,0,0,0,0,0,0,0
77,81,0,0,0,0,0,0,0,0,0,0
173,186,0,0,0,0,1,1,0,0,0,0
226,230,1,0,0,0,0,0,0,0,0,0
115,124,0,0,0,0,0,1,0,0,0,1
254,259,1,0,0,1,0,0,0,0,0,0
130,147,1,0,0,0,0,0,0,0,0,0
243,262,1,1,1,0,1,1,1,0,1,0
224,236,1,0,0,0,0,0,0,0,0,0
63,74,0,0,0,0,0,0,0,0,0,0
2,22,0,0,0,0,0,0,0,0,0,0
248,259,0,0,0,0,0,0,0,0,0,0
76,87,0,0,0,0,0,0,0,0,0,0
195,201,0,0,1,0,0,0,0,0,0,0
254,265,0,0,0,0,0,0,0,0,0,0
154,166,1,1,1,1,1,1,1,1,1,1
88,93,0,1,0,0,0,0,0,0,0,0
218,231,0,0,0,0,0,0,1,0,0,0
216,225,0,0,0,0,0,0,0,1,0,0
41,42,0,0,0,0,0,1,0,0,0,0
13,32,0,0,0,0,0,0,0,0,0,0
190,193,0,0,0,0,0,0,0,0,0,0
134,144,0,0,0,0,0,0,0,0,0,0
128,129,0,0,0,0,0,1,1,0,1,0
15,27,0,0,1,0,0,0,0,0,0,0
11,15,0,0,0,0,0,0,0,0,0,0
79,85,0,0,0,0,0,0,0,0,0,0
203,205,0,0,0,0,0,0,0,0,0,0
173,181,1,1,1,1,0,1,1,1,1,1
115,139,1,0,0,0,0,0,0,0,0,0
6,20,0,0,0,0,1,0,0,0,0,0
252,254,0,0,0,1,0,0,0,0,1,0
114,123,0,0,0,0,0,0,0,0,0,0
196,205,0,0,0,0,0,0,0,0,0,0
130,140,0,0,0,0,0,0,0,0,0,0
255,259,0,0,0,0,0,0,0,0,0,0
125,144,0,0,0,1,0,0,0,0,0,0
216,223,1,0,0,0,0,0,0,0,0,0
245,263,0,0,1,0,1,0,0,0,1,0
215,230,1,0,0,0,1,0,1,0,0,1
247,256,0,0,0,0,0,0,0,0,0,0
195,206,0,0,0,0,0,0,1,0,0,0
92,96,0,0,0,0,0,0,0,0,0,0
223,231,1,0,0,0,0,0,0,0,0,0
199,203,1,1,1,1,1,1,1,1,1,0
8,33,0,0,0,0,0,0,0,0,0,0
96,110,0,0,0,0,0,0,0,0,0,0
123,137,1,1,1,1,0,1,1,1,1,1
212,220,0,1,0,0,0,0,0,0,0,0
154,159,0,0,1,0,1,0,0,0,0,0
175,192,0,0,0,0,0,0,0,0,0,0
174,185,0,0,0,0,1,0,0,1,0,0
175,187,1,1,1,1,1,1,1,1,1,1
158,167,0,0,0,0,0,0,0,0,0,0
227,231,1,0,0,0,0,0,1,0,0,0
125,135,0,0,0,0,0,0,0,0,0,1
216,234,0,0,0,0,0,0,0,0,1,0
40,49,0,0,1,0,0,0,0,0,0,0
171,173,0,0,0,0,0,0,0,0,0,0
10,25,0,0,0,0,0,1,0,0,0,0
67,69,0,0,0,0,0,0,0,0,0,0
221,237,0,0,0,0,0,0,0,0,1,0
12,26,0,0,0,0,0,0,0,0,0,0
239,266,0,0,0,0,0,0,0,0,0,0
15,33,0,0,0,0,0,0,0,0,0,0
233,235,1,0,0,0,0,0,0,0,0,0
223,236,0,1,0,0,0,0,0,0,1,0
228,232,0,0,0,0,0,0,0,0,0,0
114,124,0,0,0,0,0,0,0,0,0,0
96,98,0,0,0,0,0,0,0,0,0,0
127,148,0,0,1,0,1,1,0,0,0,0
257,264,0,0,0,0,0,1,1,0,0,0
10,17,0,0,1,0,0,0,0,0,0,0
2,11,0,0,0,0,0,0,0,0,0,0
115,148,1,0,0,0,0,0,0,0,0,0
229,233,0,1,0,0,0,0,0,0,0,0
68,75,0,0,0,0,0,0,0,0,0,0
40,56,0,0,0,0,0,0,0,0,0,0
64,87,0,0,0,0,0,0,0,0,0,0
217,227,0,1,0,0,0,0,0,1,0,1
199,208,0,0,0,0,0,0,1,0,0,0
210,222,0,0,0,1,0,1,1,1,0,0
260,263,0,0,1,0,0,0,0,0,0,0
106,112,0,0,0,0,0,1,0,0,0,0
91,99,0,0,0,0,0,0,0,0,0,0
152,158,0,0,0,0,0,0,0,0,1,0
158,160,0,0,0,0,0,1,0,0,0,0
5,11,0,0,0,0,0,0,0,0,0,0
3,22,0,0,0,0,0,0,0,0,0,0
4,14,0,0,0,0,0,0,0,0,0,0
217,223,0,0,0,0,0,0,0,0,0,0
121,134,0,0,0,0,0,0,0,0,0,1
52,59,0,0,0,0,1,0,0,0,0,1
241,258,1,1,1,1,1,1,1,1,1,1
230,235,0,0,0,0,1,1,1,0,1,0
176,194,0,0,0,0,0,0,0,0,0,0
174,187,1,0,1,1,1,1,1,1,1,1
120,140,0,0,0,0,0,0,0,0,0,1
45,61,0,0,1,0,0,1,0,1,0,1
89,95,0,0,0,0,0,0,0,0,0,0
242,243,0,0,0,0,0,0,0,0,1,0
75,81,0,0,0,0,0,0,0,0,0,0
242,257,1,1,0,0,0,0,0,1,1,0
94,110,0,0,0,0,0,0,0,0,0,0
131,139,0,0,0,0,0,0,0,0,0,0
74,82,0,0,0,0,0,0,0,0,0,0
235,237,1,1,1,1,1,1,1,0,1,1
78,82,0,0,0,0,0,0,0,0,0,0
172,190,0,0,0,0,0,0,0,0,0,1
222,235,1,1,0,1,1,1,1,1,0,1
206,208,0,0,0,0,0,0,0,0,0,0
96,97,0,0,0,0,0,0,0,0,1,0
127,141,0,0,0,0,0,0,0,0,0,1
257,263,0,0,0,0,0,0,0,1,0,0
180,191,0,0,0,0,0,0,0,0,0,0
171,174,1,1,1,1,1,1,1,1,1,1
219,230,0,0,0,0,1,1,0,1,0,0
2,18,0,0,0,0,0,0,0,0,0,0
115,143,0,0,0,0,0,1,0,0,0,0
160,162,1,1,0,1,1,1,0,1,1,1
65,71,0,0,0,0,0,0,0,0,0,0
189,192,0,0,0,0,1,0,0,1,0,0
222,229,1,1,1,1,1,1,1,1,1,1
9,35,0,0,0,0,0,0,0,0,0,0
178,192,1,0,0,1,0,1,1,0,0,0
128,147,0,0,0,0,0,1,0,0,0,1
170,187,0,1,1,0,0,0,0,0,0,0
16,19,0,0,0,0,0,0,0,0,0,0
124,133,0,1,0,0,0,0,0,0,0,0
120,133,1,0,0,0,0,0,0,0,0,0
241,253,0,0,0,1,0,0,0,0,1,0
197,199,0,0,0,0,0,0,0,0,0,0
31,33,0,0,0,0,0,0,0,1,0,0
232,238,0,0,0,0,0,0,0,0,0,0
1,26,0,0,0,0,0,0,0,0,0,0
133,134,0,0,0,0,0,0,1,0,0,0
156,165,1,0,0,0,0,0,0,0,0,0
3,17,0,0,0,0,0,0,0,0,0,0
11,21,0,0,1,1,0,0,0,0,0,0
242,250,0,0,0,0,0,0,0,0,0,0
42,57,0,0,0,0,0,0,0,0,0,0
0,36,0,0,0,0,0,0,0,0,0,0
245,260,0,1,0,0,1,0,0,0,0,0
132,138,0,0,0,0,0,0,0,0,0,0
4,36,0,0,0,0,0,0,0,0,0,0
33,38,0,0,0,0,0,0,0,1,0,0
128,131,0,0,0,1,0,0,1,0,0,0
67,76,0,0,0,0,0,0,0,0,0,0
240,243,0,1,0,0,0,0,0,1,0,1
90,113,0,0,0,0,0,0,0,1,0,1
20,34,0,0,0,0,0,0,0,0,0,0
151,164,1,1,1,1,1,1,1,1,1,1
139,145,0,0,0,0,0,0,0,0,0,0
114,144,0,0,0,0,0,0,0,0,0,0
200,209,1,1,1,1,1,0,0,1,1,1
65,78,0,1,0,0,0,0,0,0,0,0
114,139,0,0,0,1,0,0,0,0,0,0
197,201,0,0,0,0,0,0,0,0,0,0
180,186,0,0,0,0,0,0,1,0,0,0
91,97,0,0,0,0,0,0,0,0,0,0
169,186,0,0,0,0,0,0,0,0,0,0
174,176,0,0,0,0,0,1,0,0,0,0
170,180,0,0,0,0,0,0,0,0,0,1
80,82,0,0,0,0,0,0,0,0,0,0
39,46,0,0,0,0,0,0,0,1,0,0
120,134,0,0,0,0,0,0,0,0,0,0
210,214,0,0,0,0,1,0,0,1,0,1
232,233,0,1,1,0,0,0,0,0,1,1
54,59,1,1,1,1,0,0,1,1,0,1
250,263,0,1,0,0,0,0,0,1,0,0
49,56,0,0,0,0,0,1,0,0,0,0
258,266,0,0,1,0,0,0,0,0,0,0
109,111,1,1,1,1,0,1,1,1,1,1
48,60,0,0,0,0,0,0,0,0,0,0
3,10,0,0,0,0,0,0,0,0,0,1
12,14,0,0,0,0,0,0,0,0,0,0
24,25,0,0,0,0,0,0,0,0,0,0
242,259,0,0,0,1,0,0,0,0,1,0
119,121,0,0,0,0,0,0,0,0,0,0
14,16,1,1,1,1,1,1,1,1,1,1
11,36,0,0,0,0,0,0,0,0,0,0,0,0,0,0,0,0,0,0,0,0
89,101,0,0,0,0,0,0,0,0,1,0
126,146,0,0,0,0,0,0,0,0,1,0
7,33,0,0,0,0,1,0,0,0,0,0
151,163,0,0,0,0,1,0,0,0,0,0
34,38,0,0,0,0,0,0,0,0,0,0
32,33,0,0,0,0,0,0,0,0,0,0
255,256,0,0,0,0,0,0,0,0,1,0
79,80,0,0,0,0,0,0,0,0,0,0
70,85,0,0,0,0,0,0,0,1,0,0
224,227,0,0,0,0,0,0,0,1,1,1
65,67,0,0,0,0,0,0,1,0,0,0
221,222,1,0,0,0,0,1,0,1,0,0
157,167,0,0,0,0,0,0,0,0,0,0
7,18,0,0,0,0,0,1,0,0,0,0,0,0,0,0,0,0,0,0,0,0
97,99,0,0,0,0,0,0,0,0,0,0
120,123,0,0,0,1,0,0,0,0,0,0
213,228,0,0,1,0,0,0,0,0,0,0
210,213,0,1,0,0,0,0,0,0,0,0
213,215,0,0,0,0,0,0,0,0,0,0
239,253,0,1,0,0,0,0,0,1,1,0
122,145,0,0,0,0,0,0,0,0,0,0
157,159,0,0,0,0,0,1,0,0,0,0
42,50,0,0,0,0,0,0,0,0,0,1
107,113,0,0,0,0,0,0,0,0,1,0
132,136,0,0,0,0,0,0,0,0,0,0
220,235,0,1,1,0,0,0,0,1,1,0
91,112,0,0,0,0,0,1,0,0,0,0
10,31,0,0,0,0,0,0,0,0,0,0
50,54,0,0,0,0,1,0,0,0,0,0
7,38,0,0,0,0,0,0,0,0,0,0
21,32,0,0,0,0,0,0,0,0,0,0
138,147,0,0,0,0,0,0,0,0,0,1
23,25,0,0,0,0,0,0,0,0,0,0
129,131,0,0,0,0,0,0,1,0,0,0
88,91,0,0,0,0,1,0,1,0,0,0
18,19,0,0,0,0,0,1,0,0,0,0
239,242,0,0,0,0,0,0,0,0,0,0
79,87,0,0,0,0,0,0,0,0,0,0
122,135,0,0,0,0,0,0,0,0,0,0
41,55,0,1,1,1,1,1,1,1,0,0
22,28,0,0,0,0,0,0,0,0,0,0
29,31,0,0,0,0,0,0,0,0,0,0
7,11,0,0,0,0,0,0,0,0,0,0
68,73,0,0,0,0,0,0,0,0,0,0
99,113,0,0,0,0,1,0,0,0,0,0
176,180,0,0,0,0,0,0,0,0,0,0
239,247,0,0,0,0,0,1,0,0,1,1
8,9,0,0,0,0,0,0,0,0,0,0
9,14,0,0,0,0,0,0,0,0,0,0
96,113,0,0,0,0,0,0,0,0,0,0
69,80,0,0,0,0,0,0,0,0,0,0
90,108,0,0,1,1,1,0,1,0,0,0
42,59,0,0,0,0,0,0,0,0,1,0
182,186,1,0,0,0,0,0,0,0,0,1
231,236,1,1,0,0,0,0,0,0,0,0
14,18,0,0,0,0,0,0,0,0,0,0
10,38,0,0,0,0,0,0,0,0,0,0
43,50,0,0,0,0,0,0,0,0,1,0
58,60,1,1,1,1,1,1,1,1,1,1
81,82,0,0,0,0,0,0,0,0,0,0
242,248,0,0,0,0,0,0,0,0,1,0
71,83,0,0,0,0,0,0,0,0,0,0
138,140,0,1,0,0,0,0,0,0,0,0
24,37,0,0,0,0,0,0,0,0,0,0
22,26,0,0,0,0,0,0,0,0,0,0
163,164,0,0,0,0,0,0,0,1,0,0
131,132,0,0,0,0,0,0,0,0,0,0
239,245,0,0,0,0,0,0,0,0,0,0
115,130,0,0,0,0,0,0,0,0,0,0
211,222,0,0,0,0,0,0,0,0,0,1
71,85,0,0,0,0,0,0,0,0,0,0
256,260,1,1,1,1,1,1,1,1,1,1
252,258,0,1,0,0,0,0,0,0,0,0
65,69,1,0,0,0,0,0,0,0,0,0
217,237,0,1,1,0,1,0,0,0,0,1
52,60,0,0,0,0,0,0,0,0,0,0
244,249,0,0,1,0,0,0,0,0,0,0
29,38,0,0,0,0,0,0,0,0,0,0
64,72,0,0,0,0,0,0,0,0,0,0
149,151,0,1,0,1,0,0,0,1,0,0
82,83,0,0,0,0,0,0,0,0,0,0
213,226,0,1,0,0,0,0,0,0,0,0
176,189,0,0,0,0,0,1,0,0,0,0
212,215,1,1,0,1,1,1,1,1,1,0
51,60,0,0,0,0,0,0,0,0,0,0
132,148,0,0,0,0,0,1,0,1,0,0
126,136,0,0,0,1,0,0,0,0,0,0
27,34,0,0,0,0,0,0,0,0,0,0
240,250,0,0,0,0,0,0,0,0,0,0
155,159,0,0,0,0,0,0,0,0,0,0
153,163,0,0,0,0,0,0,0,0,0,1
100,110,0,0,0,0,0,0,0,0,0,0
121,130,0,0,1,0,0,0,0,0,0,0
150,157,0,0,1,0,1,1,0,0,0,0
7,14,0,0,0,0,0,0,0,0,0,0
134,139,0,0,0,0,0,0,0,1,0,0
21,25,1,0,0,0,0,0,1,0,0,0
253,266,0,0,0,0,0,0,0,1,1,0
24,38,0,0,0,0,0,0,0,0,0,0
25,30,0,0,0,0,0,0,0,0,0,0
18,22,0,0,0,1,0,0,0,0,0,0
247,263,1,0,1,0,0,0,1,1,0,0
4,5,0,0,0,0,0,0,0,0,0,0
211,225,0,0,0,0,0,0,0,1,0,0
36,38,0,0,0,0,0,0,0,0,0,0
250,265,0,0,0,0,0,0,1,0,0,0
218,230,0,0,0,1,1,0,0,1,0,1
126,148,0,1,1,1,0,0,1,0,0,0
117,133,0,1,0,0,1,0,0,0,0,0
2,37,0,0,0,0,0,0,0,0,0,0
3,25,0,0,0,0,0,0,0,0,0,0
149,158,1,0,0,0,0,0,1,0,0,1
244,250,0,0,0,0,0,0,0,1,0,0
151,160,0,0,0,0,0,0,0,1,0,0
16,33,0,0,0,0,0,0,0,0,0,0
53,55,0,0,0,0,0,0,0,0,0,0
177,186,0,0,0,0,0,0,0,0,0,0
6,15,0,0,0,0,0,0,0,0,0,0
216,224,1,1,0,0,0,0,1,0,0,0
44,56,0,0,0,0,0,0,0,0,0,0
259,260,0,0,0,0,0,1,0,0,0,0
132,141,0,1,0,0,0,0,0,0,0,1
169,173,0,0,0,0,0,0,0,1,0,0
125,127,0,0,0,0,0,0,0,0,0,0
118,125,1,0,1,0,0,0,0,0,0,0
201,204,1,1,1,1,1,1,1,1,1,1
0,27,0,0,0,0,0,0,0,1,0,0
233,234,1,1,0,0,0,0,0,0,0,1
127,139,0,0,0,0,0,0,0,0,0,0
48,51,0,0,0,0,0,0,0,0,0,1
94,99,1,1,1,1,1,1,1,1,1,1
143,145,0,0,0,0,0,0,0,0,0,0
122,130,0,0,0,0,0,0,0,0,0,0
242,246,0,0,0,0,0,0,0,0,0,0
52,57,1,1,1,1,1,1,1,1,1,1
1,14,0,0,0,0,0,0,0,0,0,0
249,254,0,0,0,0,0,0,0,0,0,0
25,37,1,0,0,0,0,0,0,0,0,0
28,36,0,0,0,0,0,0,0,0,0,0
0,11,0,0,0,0,0,0,0,0,0,0
242,264,0,1,0,0,0,0,0,0,0,0
39,59,0,0,1,0,0,0,1,0,0,0
241,249,0,0,1,0,0,0,0,0,0,0
88,105,0,0,0,0,0,0,0,0,0,0
250,262,0,0,0,1,0,0,0,0,0,0
63,67,0,0,0,0,0,0,0,0,0,0
126,147,1,0,0,0,0,1,0,1,1,0
137,142,0,0,0,0,0,0,0,0,0,1
244,259,0,0,0,0,0,0,0,0,0
9,22,0,0,0,0,0,0,1,0,1,0
177,189,0,1,1,1,1,1,1,1,1,1
53,62,1,1,0,1,0,1,1,1,1,1
30,38,0,0,1,0,0,0,0,0,0,0
131,140,0,0,0,0,0,0,0,0,0,0
149,164,0,0,0,0,1,1,0,0,0,0
246,249,0,0,0,1,1,0,0,0,0,1
0,20,0,0,0,0,0,0,0,0,0,0
127,130,0,0,0,0,0,0,0,0,0,1
171,182,0,0,0,0,0,0,0,0,0,0
155,168,0,0,0,0,0,0,0,0,0,0
188,189,0,0,0,0,0,0,0,0,0,0
56,58,0,0,0,0,0,0,0,0,0,0
45,55,1,0,0,0,0,0,1,0,1,0
71,78,1,1,1,1,1,1,1,1,1,1
119,134,0,0,0,0,0,0,0,0,0,0
27,36,0,0,0,0,0,0,0,0,0,0
5,24,0,0,0,0,0,0,0,0,0,0
187,194,0,0,0,0,0,0,1,0,0,0
26,36,0,0,0,0,0,0,1,0,0,0
202,207,0,0,1,0,0,0,0,0,0,0,0,0,0,0,0,0,0,0,0,0
104,109,0,0,0,0,0,0,0,0,0,0
51,57,0,0,0,0,0,0,0,0,0,1
172,174,0,0,0,0,1,0,1,0,0,0
172,175,0,0,0,1,0,0,0,0,0,0
19,34,0,0,0,0,0,0,0,0,1,0
72,74,0,0,0,0,0,0,0,0,0,0
17,20,0,0,0,0,0,0,0,0,0,0
14,20,0,0,0,0,0,0,0,1,0,0
220,222,0,0,0,1,0,1,1,1,0,1
187,188,0,0,0,0,0,0,0,0,0,0
223,237,0,0,1,0,0,0,0,1,0,0
137,145,0,0,0,0,0,0,0,0,0,0
222,234,0,1,0,0,1,0,1,0,0,1
92,102,0,0,0,0,0,0,0,0,0,0
98,111,0,0,0,0,0,0,0,0,0,0
98,100,0,0,0,0,0,0,0,0,0,0
9,29,0,0,0,0,0,0,0,0,0,0
0,8,0,0,1,0,0,0,0,0,0,0
43,47,1,0,1,1,1,1,1,0,1,1
220,230,0,0,0,0,1,0,1,0,0,1
46,58,0,0,0,0,0,0,0,0,0,0
131,147,0,0,1,0,0,0,0,0,0,0
96,106,0,0,0,0,0,0,0,0,0,0
125,129,0,0,0,1,0,0,0,0,0,0
171,180,0,0,0,0,0,0,0,1,0,0
74,77,0,0,0,0,0,0,0,0,0,0
181,182,0,0,0,0,0,0,0,0,0,1
90,91,0,0,1,0,0,0,0,0,0,0
8,17,0,0,0,0,0,0,0,0,0,0
218,220,0,1,1,0,0,0,0,0,0,1
1,22,0,0,0,0,0,0,0,0,0,0
150,160,0,0,0,0,0,0,0,0,0,0
28,38,0,0,0,0,0,0,0,0,0,0
13,37,0,0,0,0,0,0,0,0,0,0
159,165,0,0,0,0,0,0,0,0,0,1
58,59,0,0,0,0,0,0,0,0,0,0
240,266,0,0,0,0,1,0,1,0,0,1
14,30,0,0,0,0,0,0,0,0,0,0
17,30,0,0,0,0,0,0,0,0,0,0
18,33,0,0,0,0,0,0,0,0,0,0
14,29,0,0,0,0,0,0,0,0,0,0
220,225,1,1,0,1,1,0,1,0,1,0
136,142,0,1,0,0,0,0,0,0,0,0
0,2,1,1,1,1,1,1,1,0,1,1
84,85,0,0,0,0,0,0,0,0,0,0
98,99,0,0,0,1,1,0,0,0,1,0
213,232,1,1,1,1,1,1,1,1,1,1
72,83,0,0,0,0,0,0,0,0,0,0
110,111,0,0,0,0,0,0,0,0,0,0
117,129,0,0,0,0,0,1,0,0,0,0
46,51,0,0,0,0,0,0,0,0,0,0
121,141,0,0,0,0,0,0,0,0,0,1
251,253,1,1,1,1,1,1,1,1,1,1
99,107,0,0,0,0,1,0,0,0,0,0
181,192,0,0,0,0,0,0,1,0,0,0
103,111,0,0,0,0,0,0,1,0,0,0
119,146,0,0,0,0,0,0,0,0,0,0
118,148,0,0,0,0,0,0,0,0,0,0
47,58,0,0,0,0,0,0,0,0,0,0
226,229,0,1,1,0,0,0,0,0,0,0
239,256,0,0,0,0,0,1,0,0,0,0
265,266,0,0,0,0,0,0,0,0,0,1
140,142,0,0,0,0,0,0,0,0,0,0
141,148,0,1,0,0,0,0,0,0,0,0
121,123,0,0,0,0,0,1,0,0,0,0
91,106,0,1,1,1,1,1,1,1,0,1
93,112,0,0,0,0,0,0,0,0,0,0
40,53,1,0,0,0,0,0,0,0,1,0,0,0,1,1,0,0,0,0,0,0
104,107,0,0,0,0,0,1,0,0,0,0
65,84,0,0,0,0,0,0,0,0,0,0
13,27,0,0,0,0,0,0,0,0,0,0
26,28,0,0,0,1,0,0,0,0,0,0,0,0,0,0,0,0,0,0,0,0
243,248,0,0,0,0,1,0,0,0,0,0
215,228,0,0,0,0,0,0,0,1,0,0
252,265,0,1,0,0,0,0,0,1,0,0
116,137,1,0,0,0,0,0,0,0,0,1
95,102,1,1,1,1,1,1,1,1,1,1
114,117,0,0,0,0,0,0,0,0,1,0
66,73,0,0,0,0,0,0,0,0,0,0
246,258,0,0,1,0,0,0,0,0,0,0
73,84,0,0,0,0,0,0,0,0,0,0
250,255,0,0,0,0,0,0,0,0,0,0
117,120,0,0,0,0,0,0,0,0,0,0
248,264,0,0,1,0,1,0,0,0,1,0
251,254,0,0,0,0,0,1,0,0,0,0
129,144,0,1,0,0,0,0,0,0,1,0
123,127,0,0,0,0,0,0,0,0,0,0
249,260,0,0,0,0,0,0,0,0,0,0
212,232,0,1,0,1,1,0,0,0,0,0
15,22,0,0,0,0,0,0,0,1,0,0
68,84,1,1,1,1,1,1,1,1,1,1
219,229,0,0,0,0,0,0,0,1,0,0
118,141,0,0,0,0,0,0,0,0,0,0
47,53,0,0,0,0,0,0,0,0,0,0
131,146,1,0,0,0,0,0,0,0,0,0
214,220,0,1,0,0,0,0,0,0,0,0
122,132,0,0,0,0,0,0,0,0,0,0
90,101,0,0,0,0,0,1,0,0,0,0
245,250,0,0,0,0,0,0,0,0,1,0
1,35,0,0,0,0,0,0,0,0,0,0
78,79,0,0,0,0,0,0,0,0,0,0
5,35,0,0,0,1,0,0,0,0,0,0
70,79,0,0,0,0,0,0,0,0,0,0
3,37,1,1,1,1,1,1,1,1,1,1
153,158,0,0,0,0,0,0,0,0,0,0
66,81,1,1,1,1,1,1,1,1,1,1
22,31,0,0,0,0,0,0,0,0,0,0
115,118,0,0,0,0,0,0,1,0,0,0
246,251,0,0,0,0,0,0,1,0,0,0
6,32,0,0,0,0,0,0,0,0,0,0
117,141,0,0,0,0,1,1,1,0,0,0
220,237,0,0,0,1,1,0,0,1,0,1
211,230,0,0,0,0,0,0,0,0,1,0
198,205,1,1,1,1,1,1,1,1,1,1
102,110,0,0,0,0,0,0,0,0,0,0
174,178,0,0,0,0,0,0,0,0,0,0
69,77,0,0,0,0,0,0,0,0,0,0
98,109,0,0,0,0,0,0,0,0,0,0
66,68,0,0,0,0,0,0,0,0,0,0
33,35,0,0,0,0,0,0,0,0,0,0
161,162,0,0,0,0,0,0,0,0,0,0
162,168,0,0,0,0,1,0,0,0,0,0
179,186,0,0,1,0,1,0,0,1,0,0
218,219,1,1,1,1,1,1,1,1,1,1
19,27,0,1,0,0,0,1,1,0,0,0
118,146,0,0,0,0,0,0,0,0,0,0
75,80,0,0,0,0,0,0,0,0,0,0
214,229,0,1,0,0,0,0,0,0,0,0
39,51,0,0,0,0,0,1,0,0,0,0
64,75,0,0,0,0,0,0,0,0,0,0
133,148,0,0,0,0,0,0,0,0,0,0
261,266,0,0,0,1,1,0,0,0,0,1
47,48,0,0,1,0,0,0,0,0,0,0
90,106,0,0,0,0,1,0,0,0,1,0
90,112,0,0,0,0,0,0,0,0,0,0
80,81,0,0,0,0,0,0,0,0,0,0
184,190,1,1,1,1,1,1,1,1,1,1
246,263,0,0,0,0,0,0,0,1,0,0
59,62,0,0,0,0,0,1,0,0,0,0
20,29,0,0,0,0,0,0,0,0,0,0
152,163,1,1,1,1,1,1,1,1,1,1
173,192,0,0,0,0,0,0,0,0,0,0
211,213,0,1,0,1,1,0,0,0,0,0
135,141,0,0,1,0,0,0,0,0,0,0
22,36,0,0,0,0,0,0,0,0,0,0
97,104,0,0,0,0,0,0,0,0,0,0
176,193,1,1,0,1,0,1,1,1,1,1
21,37,0,0,0,0,0,0,0,0,0,0
73,77,0,0,0,0,0,0,0,0,0,0
102,104,0,0,0,0,0,0,0,0,1,0
94,105,0,0,0,1,0,0,0,0,0,1
172,180,0,0,0,0,1,0,0,0,0,0
40,60,0,0,0,0,0,0,0,0,0,0
226,231,0,0,0,0,1,1,0,0,0,0
244,248,1,1,1,1,0,0,1,1,1,1
196,208,1,1,1,1,1,1,1,1,1,1
149,163,1,0,0,0,0,0,0,0,1,0
221,231,0,0,0,0,0,1,0,0,1,0
243,263,0,0,1,0,0,0,0,0,0,0
124,141,0,1,1,1,1,1,0,1,1,1
171,188,0,0,0,0,1,0,0,0,0,0
162,163,0,0,0,0,0,0,0,0,0,0
210,234,0,0,0,1,0,0,1,0,1,1
2,24,0,0,0,0,0,0,0,0,0,0
248,253,0,0,1,0,0,0,0,0,0,0
76,81,1,1,1,1,1,1,1,1,1,1
45,62,0,0,0,0,0,0,0,0,0,0
219,236,0,1,0,0,0,0,0,0,0,0
177,180,0,0,1,1,0,0,0,0,0,0
133,143,0,0,0,0,1,0,0,1,0,0
74,81,0,0,1,0,0,0,0,0,0,0
93,107,0,0,0,0,0,0,0,0,0,0
218,237,0,1,0,0,1,1,0,0,1,0
199,204,1,1,1,1,1,1,1,1,1,1
41,48,0,0,0,0,0,0,0,0,0,0
243,258,0,0,1,0,0,0,0,1,0,0
4,21,0,0,0,0,0,0,0,0,0,0
13,34,0,0,0,0,0,0,0,0,0,0
142,147,0,0,0,0,0,0,0,0,0,0
158,159,0,0,0,0,0,1,0,0,0,0
134,142,0,0,0,0,0,1,0,0,0,0
252,256,1,1,1,1,1,0,1,1,1,1
23,35,0,0,0,0,0,0,0,0,0,0
241,265,0,0,0,0,0,1,0,0,0,0
15,21,0,0,1,0,0,1,0,0,0,0
73,78,0,0,0,0,0,0,0,0,0,0
114,134,0,0,0,0,0,0,0,0,0,0
12,30,0,0,0,0,0,0,0,0,0,0
77,86,0,0,0,0,0,0,0,0,0,0
173,187,0,1,0,0,0,0,0,0,0,0
114,125,0,0,0,0,0,0,0,0,1,0
115,125,0,0,0,0,0,0,0,0,0,0
114,129,0,0,0,0,0,0,0,0,0,0
130,146,1,1,0,1,1,1,1,1,1,1
124,148,0,0,0,0,0,0,0,0,0,0
224,231,0,0,0,0,0,0,0,0,1,0
63,75,1,1,1,1,0,1,1,1,0,1
248,258,0,0,0,0,0,0,0,0,0,1
76,86,0,0,0,0,0,0,0,0,0,0
195,200,0,0,0,0,0,0,0,0,0,0
92,95,0,0,0,0,0,0,0,0,0,0
74,87,0,0,0,0,0,0,0,0,0,0
254,264,0,0,0,0,0,0,0,0,0,0
212,221,0,1,0,0,0,0,0,1,1,0
154,165,0,0,0,0,0,0,0,0,0,1
149,165,0,0,1,1,0,0,0,0,0,0
174,183,1,0,0,0,0,0,1,0,0,0
36,37,0,1,1,1,1,1,1,1,1,1
149,168,0,0,0,1,0,0,1,0,1,1
6,7,0,0,0,0,0,0,0,0,0,0
89,98,0,0,0,0,0,1,0,0,0,0
15,28,0,0,0,0,0,0,0,0,0,0
11,14,0,0,0,0,0,0,0,0,0,0
152,156,0,0,0,0,0,0,0,0,0,0
203,204,1,1,1,1,1,1,1,1,1,1
6,23,0,0,0,0,0,0,0,0,0,0
252,255,0,0,0,0,0,0,0,0,1,1
119,129,0,0,0,0,0,0,0,0,0,1
114,122,0,0,0,0,0,0,0,0,0,0
196,206,0,0,0,0,0,0,0,0,0,0
171,187,1,1,1,1,1,1,1,1,0,0
255,258,0,0,0,0,0,0,0,0,0,0
64,65,0,0,0,0,0,0,0,0,0,0
125,147,0,0,0,1,0,0,0,0,0,0
94,97,1,0,0,0,0,0,0,0,0,0
247,257,0,0,1,0,0,0,1,1,1,0
64,86,0,0,0,0,0,0,0,0,0,0
218,222,0,1,0,0,0,0,0,0,0,0
199,202,0,0,0,0,0,0,0,0,0,0
8,34,0,0,0,0,0,0,0,0,0,0
96,111,0,0,0,0,1,0,0,0,0,0
123,134,0,0,0,0,0,0,0,0,0,0
175,191,0,0,0,0,0,0,0,1,0,0
174,184,0,0,0,0,0,0,1,0,0,0
175,180,0,0,0,0,0,0,0,0,0,0
158,166,0,0,1,0,0,0,0,0,0,0
227,232,0,0,0,0,0,0,0,0,0,0
125,136,0,0,0,0,0,0,0,0,0,0
15,19,0,0,0,0,0,0,0,0,0,0
217,225,0,0,0,0,0,0,0,1,0,0
122,128,0,0,0,0,1,0,0,0,1,0
56,57,0,0,0,0,0,0,0,0,1,0
101,109,0,0,0,0,0,0,0,0,0,0
169,194,0,0,0,0,0,0,0,1,0,0
120,146,0,0,0,0,0,1,0,0,0,0
133,139,0,0,0,0,0,0,0,0,0,0
10,24,0,0,0,0,0,0,0,0,0,0
88,100,1,1,1,1,0,0,1,1,1,1
67,68,0,0,0,1,1,0,0,0,0,0
12,21,0,0,0,0,0,0,0,0,0,0
3,6,0,0,0,0,0,0,0,0,0,0
48,49,0,0,1,0,0,1,0,0,0,0
146,147,0,0,0,0,0,1,0,0,0,0
160,165,0,1,0,0,0,0,0,0,0,0
96,99,0,0,0,0,0,0,0,0,0,0
212,223,0,0,0,0,0,0,0,0,0,0
130,148,0,0,0,0,0,0,0,0,0,0
257,265,0,0,0,1,0,1,0,0,1,1
10,14,0,0,0,0,0,0,0,0,0,0
219,231,0,0,0,0,0,0,0,0,0,0
2,12,0,0,0,0,0,0,0,0,0,0
185,189,0,0,0,0,0,0,0,0,0,0
189,194,0,0,0,0,0,0,1,0,0,0
40,55,0,0,0,0,0,0,0,0,0,0
191,193,0,1,0,0,1,0,0,0,1,1
9,13,0,0,0,0,0,0,0,0,0,0
222,223,0,0,0,1,1,1,1,0,0,0
9,33,0,0,0,0,0,1,0,0,0,0
91,98,0,0,0,0,0,0,0,0,0,0
5,10,0,0,0,0,0,0,0,0,0,0
4,15,0,0,0,0,0,0,0,0,0,0
122,123,0,0,0,0,0,0,0,0,0,0
120,139,0,0,0,0,0,0,0,0,0,0
241,259,1,1,1,1,1,1,1,1,1,1
218,232,0,0,0,0,0,0,0,0,0,1
178,189,0,1,0,0,0,0,0,0,0,0
262,263,0,0,0,0,0,0,0,0,0,0
120,141,1,0,0,0,0,0,0,0,0,0
1,28,0,0,0,0,0,0,0,0,0,0
45,60,0,0,0,0,0,0,0,0,0,0
89,96,0,0,0,0,0,0,0,0,1,0
242,256,0,0,0,0,0,0,0,1,0,0
130,137,0,0,0,0,0,0,0,0,0,0
94,111,0,0,0,0,0,0,0,0,0,1
0,30,0,0,0,0,0,0,0,0,0,0
131,138,0,0,0,0,0,0,0,0,1,0
71,77,0,0,0,0,0,0,0,0,0,0
4,38,1,1,1,1,1,1,1,1,1,0
235,236,0,0,0,0,0,0,0,0,0,0
78,81,0,0,0,0,0,0,0,0,0,0
172,191,0,0,0,0,0,0,0,0,0,0
242,266,1,0,1,1,1,1,0,1,1,0
248,263,1,0,0,0,0,0,0,0,1,0
127,140,1,0,0,0,0,0,0,1,0,0
93,108,0,0,0,0,0,0,0,0,0,1
171,177,0,0,0,0,0,0,0,0,0,0
2,19,0,0,0,0,0,0,0,0,0,0
115,140,0,0,0,0,0,0,0,0,1,1
160,163,1,0,0,0,0,0,1,0,0,0
65,72,1,1,1,1,1,1,1,1,1,1
189,193,0,0,0,0,0,0,0,0,1,0
197,207,0,0,0,0,0,0,0,0,0,0
99,111,0,0,0,0,0,0,0,0,0,0
9,34,0,0,0,0,0,0,0,0,0,0
93,94,0,1,0,0,0,0,0,0,0,0
178,193,0,0,0,0,0,0,1,0,0,0
128,144,0,0,0,0,0,0,0,0,1,0
118,136,0,1,0,0,0,0,0,0,0,0
5,19,0,0,0,0,0,0,0,0,0,0
170,186,0,0,1,0,0,0,0,0,0,0
255,262,0,0,0,0,0,0,0,0,0,0
124,132,0,0,1,0,0,1,0,0,0,0
120,132,0,1,0,0,0,0,0,0,0,0
241,250,0,0,1,1,1,1,1,0,1,1
197,198,0,0,0,0,0,0,0,0,0,0
178,182,0,0,1,0,1,0,0,1,0,0
121,146,0,0,0,0,0,0,0,0,1,0
122,148,0,0,1,0,0,0,1,0,0,0
156,164,1,0,1,0,1,0,0,0,0,0
247,249,0,0,0,1,0,0,0,0,1,0
13,15,0,0,0,0,0,0,0,0,0,0
3,16,1,1,0,1,1,1,1,1,1,1
243,251,0,0,0,1,1,0,1,0,0,1
253,260,0,0,0,0,0,0,0,1,0,0
184,186,1,1,1,1,0,1,1,0,0,1
0,37,0,0,0,0,0,0,0,0,0,0
116,141,0,0,0,0,0,0,0,0,0,0
132,139,0,0,0,0,0,0,0,0,0,0
4,37,0,0,0,0,0,0,0,0,0,0
7,27,0,0,0,0,0,0,1,0,0,1
128,130,0,0,0,0,0,0,0,0,0,1
67,77,0,0,0,0,0,0,0,0,0,0
20,33,0,0,0,0,0,0,0,0,0,0
151,165,0,0,0,0,0,0,0,0,0,0
139,146,0,0,0,1,0,0,1,0,0,0
112,113,0,0,0,0,0,0,0,0,0,0
16,23,0,0,0,0,0,0,0,0,0,0
63,81,0,0,0,0,0,0,0,0,0,0
65,79,1,1,1,1,1,1,1,1,1,0
255,257,1,0,1,1,1,1,1,1,1,1
228,237,0,0,0,0,0,1,0,0,0,0
197,200,1,1,1,0,0,1,1,0,1,0
93,99,0,0,0,0,0,0,0,0,0,1
129,143,0,1,0,0,0,0,0,0,0,1
180,187,0,0,0,0,0,0,0,0,1,0
41,58,0,0,0,0,0,0,0,0,0,0
8,19,0,0,0,0,0,0,0,0,0,0
101,113,0,0,0,1,0,0,0,0,0,0
7,9,1,0,0,0,1,0,0,0,0,0
221,224,0,0,0,0,0,0,0,1,0,0
188,193,0,0,0,0,0,0,0,0,0,0
225,237,0,0,1,0,1,0,0,1,1,0
39,47,0,0,0,0,0,1,0,0,0,0
42,48,0,0,0,0,0,0,0,0,0,0
210,215,0,0,0,1,0,1,1,1,0,0
222,236,0,1,0,0,0,0,0,1,0,1
54,56,0,0,0,0,0,1,0,0,0,0
178,180,0,0,0,0,0,0,0,0,0,0
49,57,1,1,1,1,1,1,1,1,1,1
258,261,0,0,0,0,0,0,0,0,0,0,0,0,0,0,0,0,0,0,0,0
109,112,1,1,0,1,1,1,1,1,1,1
48,61,0,0,0,0,0,0,0,0,0,0
210,218,1,1,0,0,0,0,0,0,0,1
12,15,0,0,0,0,0,0,0,0,0,0
24,26,0,0,0,0,0,0,0,0,0,0
242,258,0,0,0,0,0,1,0,0,0,0
183,192,0,0,0,0,0,0,1,0,0,0
118,132,0,0,0,1,0,0,1,0,0,0
204,205,0,0,0,0,0,0,0,0,0,0
94,102,1,1,1,0,0,0,0,0,0,0
14,17,0,0,0,0,0,0,0,0,0,0
57,60,0,0,0,0,0,0,0,0,0,0
89,100,0,0,0,0,0,0,0,0,0,0
50,52,0,0,0,0,0,0,0,1,0,1
128,139,0,0,0,0,0,0,0,0,0,0
7,32,0,0,0,0,0,1,0,0,0,0
21,34,0,0,0,0,1,0,0,0,0,0
144,145,0,0,0,0,0,0,0,0,0,0
121,140,0,0,0,0,0,0,0,0,0,0
200,201,0,0,0,0,0,0,0,1,0,0
88,97,0,1,0,0,0,0,0,1,0,0,1,0,0,0,0,0,0,0,0,0
108,112,0,0,0,0,0,0,0,0,0,0
206,209,0,0,0,0,0,0,0,0,0,0
70,84,0,0,0,0,0,0,0,0,0,0
216,227,1,0,0,0,0,0,0,0,0,0
65,66,0,0,0,0,0,0,0,0,0,0
170,188,0,0,0,0,0,0,1,0,0,0
244,262,1,0,0,1,0,0,0,0,0,1
97,98,0,0,0,0,0,0,0,0,0,0
120,124,0,0,0,0,0,0,0,0,0,0
213,229,0,0,0,0,0,0,0,0,1,0
8,35,0,0,0,0,1,0,0,0,0,0
116,125,0,0,0,1,0,1,0,1,1,0
213,214,0,0,0,0,1,0,1,0,0,1
239,252,0,0,1,0,0,0,0,0,0,0
173,174,0,0,0,0,0,1,0,0,0,0
122,146,1,0,0,0,0,0,0,0,0,1
157,158,0,0,0,0,0,0,0,0,1,1
93,113,0,0,0,0,0,0,0,0,0,1
126,127,0,0,0,0,0,0,0,0,0,0
42,53,0,0,0,0,0,0,0,0,0,0
107,110,0,0,0,0,0,0,0,0,0,0
132,137,0,0,0,0,0,0,0,0,0,0
169,180,0,0,0,0,0,0,0,0,0,1
46,47,0,1,1,0,0,1,1,0,0,0
10,32,0,0,0,0,0,0,0,0,0,0
50,55,0,0,0,0,0,0,0,0,0,0
21,33,0,0,0,0,0,0,0,0,0,0
138,146,0,0,0,0,0,0,0,0,0,0
118,135,1,1,1,1,1,1,1,1,0,1
210,228,0,0,0,0,0,0,0,1,0,0
23,24,0,0,0,0,0,0,0,0,0,0
129,132,1,0,0,0,1,0,0,0,0,0
88,90,0,0,1,0,0,0,0,0,1,0
131,133,0,0,0,0,0,0,0,0,0,0
116,120,0,0,0,0,0,0,0,0,0,1
256,263,0,0,0,0,0,0,0,0,0,0
195,197,1,0,0,0,0,0,0,0,0,0
256,266,0,0,0,1,1,0,1,0,0,0
41,56,0,0,1,0,0,0,0,0,0,0
44,60,0,0,0,0,0,1,0,0,0,0
29,32,0,0,0,0,0,0,0,1,0,0
7,10,0,0,0,0,0,0,0,0,0,0
19,29,0,0,0,0,0,0,0,0,0,0
213,220,1,0,0,0,0,0,0,0,0,0
176,183,1,0,0,0,0,0,0,0,0,0
212,213,0,0,0,1,0,0,1,0,0,0
9,17,0,0,0,0,0,0,0,0,0,0
69,83,0,0,0,0,0,0,0,0,0,0
126,130,0,0,0,0,0,0,1,0,0,0
215,227,1,1,1,1,1,1,1,1,1,1
27,32,1,0,0,0,1,0,0,0,0,1
182,187,0,0,1,0,0,0,0,1,0,1
231,235,0,1,0,0,0,1,0,0,0,0
14,19,0,0,0,0,0,0,0,0,0,0
90,98,0,0,0,0,0,0,0,1,0,0
43,51,0,0,0,1,1,0,0,0,0,0
242,249,1,1,1,1,1,1,1,1,1,1
252,266,0,0,0,0,0,0,0,1,0,0
1,19,0,0,0,0,0,0,0,0,0,0
24,36,0,0,0,0,0,0,0,0,0,0
129,139,0,0,0,0,0,1,0,0,0,0
88,99,0,0,0,0,0,0,0,0,0,0,0,0,0,0,0,0,0,0,0,0
116,129,0,0,0,0,1,0,0,0,0,0
64,81,0,0,0,0,0,0,0,0,0,0
115,137,0,0,0,0,0,0,1,0,0,0
211,223,0,0,0,0,0,0,0,1,0,0
71,86,0,0,0,0,0,0,0,0,0,0
65,68,0,0,0,0,0,0,0,0,0,0
41,61,0,0,0,0,0,0,1,0,0,1
117,135,0,0,0,0,0,0,0,0,0,0
64,71,0,0,0,0,0,0,0,0,0,0
3,24,0,0,0,0,0,0,0,0,0,0
149,152,1,0,1,1,0,0,1,0,1,0,0,0,1,1,1,0,0,0,0,0
164,166,0,1,1,0,0,1,1,1,0,1
213,227,0,1,0,0,0,0,0,0,0,0
183,185,0,0,0,0,0,0,0,0,0,0
176,188,0,0,0,0,0,0,0,0,0,0
51,61,0,0,0,0,1,0,0,0,1,1
27,35,0,0,0,0,0,0,0,0,0,0
143,148,0,0,0,0,0,0,0,0,0,0
155,158,0,0,0,0,0,1,0,0,0,0
153,160,0,0,0,0,0,0,1,1,0,1
176,184,0,1,1,0,0,0,0,0,0,0
218,226,1,1,0,1,1,1,1,1,1,1
48,57,0,1,1,0,0,1,0,1,0,0
43,58,0,0,0,0,0,0,0,0,0,1
150,154,1,0,1,0,1,0,1,0,0,0
134,136,0,0,0,0,0,0,0,0,0,1
179,184,0,0,0,0,0,0,0,0,0,0
25,31,0,0,0,0,0,0,0,0,0,0
18,21,0,0,0,0,0,0,0,1,0,0
155,162,0,0,1,0,0,0,0,0,0,0
118,138,0,0,0,0,0,0,0,1,0,0
198,199,1,0,0,0,0,0,0,0,0,0
196,198,0,0,0,0,0,0,0,0,0,1
241,243,0,0,0,0,0,0,0,1,0,0
250,264,0,0,0,0,0,0,0,0,0,0
156,168,0,0,0,0,0,0,0,1,0,0
117,132,0,0,1,0,0,1,0,0,0,1
2,34,0,0,0,0,0,0,0,0,0,0
149,159,0,0,1,1,0,0,1,0,1,0
244,253,0,1,1,1,1,0,0,0,0,0
114,130,0,0,0,0,0,0,0,0,0,0
16,30,0,0,0,0,0,0,0,0,0,0
53,54,0,0,1,0,0,1,0,0,1,1
9,24,0,0,0,0,0,0,0,1,0,0
177,187,0,1,0,0,0,0,0,0,0,0
6,16,0,0,0,0,0,0,0,0,0,0
179,187,0,0,0,1,0,0,0,0,0,0
44,55,0,1,1,1,1,1,1,0,1,1
259,261,0,0,0,1,0,0,1,0,1,0
247,253,1,0,0,0,0,0,0,0,0,0
132,140,0,0,1,0,0,0,0,0,0,0
124,128,0,0,1,0,0,0,0,0,0,0
125,126,0,0,0,0,0,0,0,0,0,0
126,135,0,0,0,1,0,0,1,0,0,0
0,26,0,0,0,0,0,0,0,0,0,0
169,179,0,0,0,0,0,0,0,0,0,0
127,136,0,0,0,0,0,0,0,0,0,0
242,261,0,0,0,0,0,0,0,0,0,0
48,50,1,1,1,1,1,1,1,1,1,1
239,260,0,1,0,0,0,0,0,1,0,0
143,144,0,1,0,0,0,0,0,0,0,0
242,247,0,0,0,1,0,0,0,0,1,0
212,229,1,0,0,0,0,0,1,0,0,1
1,17,1,1,1,1,1,1,1,1,1,1
249,255,0,0,0,1,0,0,0,0,0,0
25,38,0,0,0,0,0,0,0,0,0,0
28,35,1,1,1,1,1,1,1,1,0,1
0,16,0,0,0,0,0,0,0,0,0,0
242,265,1,0,0,0,0,0,0,0,1,0
201,205,1,0,0,0,0,0,0,0,0,0
19,32,0,0,1,1,0,0,0,0,0,0
179,194,1,0,0,0,0,0,0,0,0,0
17,26,0,0,0,0,0,0,0,0,0,0
220,228,0,0,1,0,0,0,0,0,0,0
63,66,0,0,0,0,0,0,0,0,0,0
126,140,0,0,0,0,0,0,0,0,0,0
137,143,0,0,0,0,0,0,0,0,0,0
151,154,0,0,0,0,0,0,0,0,1,0
244,258,0,0,0,0,0,0,0,0,0,0
98,101,1,1,1,1,1,1,1,1,1,1
9,23,0,0,0,1,0,0,0,0,0,0
163,167,0,0,1,0,1,0,0,0,0,0
123,124,0,0,0,0,0,1,0,0,0,0
131,141,1,1,1,1,1,0,1,1,1,1
215,226,0,0,0,1,0,1,0,0,1,0
127,131,0,0,1,0,0,1,0,0,0,0
127,129,0,0,0,0,0,1,0,0,0,0
48,59,0,0,1,0,0,0,0,0,0,0
56,59,0,0,1,0,0,0,0,0,0,0
45,56,0,0,0,0,0,0,0,1,0,0
119,133,0,0,0,1,0,0,0,0,0,0
150,166,0,0,0,0,0,0,1,0,1,1
5,25,0,0,0,0,0,0,0,0,0,0
26,31,0,0,0,0,0,0,0,0,0,0
202,208,0,0,0,0,0,0,0,0,0,0
170,175,0,0,0,0,0,0,1,0,1,0
51,56,0,0,1,0,0,0,0,0,0,0
43,54,0,1,0,0,0,0,0,0,0,0
68,87,0,0,0,0,0,0,0,0,0,0
247,266,0,0,0,0,0,0,0,1,1,1
72,75,1,0,0,0,0,0,0,0,0,0
17,21,0,0,0,0,0,0,0,0,0,0
14,27,0,0,0,0,0,0,0,0,0,0
220,223,0,0,0,0,1,0,1,0,0,1
92,101,0,0,0,0,0,0,0,0,0,0
8,24,0,0,0,0,0,0,0,0,0,0
72,85,0,0,0,0,0,0,0,0,0,1
1,8,0,0,0,0,1,0,0,0,0,0
96,105,0,0,0,0,0,0,0,0,0,0
114,141,0,0,0,0,0,0,0,0,0,0
182,191,0,0,0,0,0,0,0,0,0,0
122,126,0,1,1,0,1,1,1,1,0,1
119,122,0,0,0,0,0,0,0,0,0,0
181,194,0,1,0,1,0,0,1,0,0,0
223,234,0,0,0,0,0,0,0,1,0,1
229,231,0,0,0,0,0,0,0,0,1,0
103,105,0,0,0,0,0,0,0,0,1,1
8,14,0,0,0,0,0,0,0,0,0,0
189,190,0,0,0,0,0,0,0,0,0,0
177,192,0,0,0,0,0,0,1,0,0,0
198,203,0,0,0,0,0,0,0,0,0,0
140,144,1,0,0,0,0,0,0,0,0,0
121,129,0,0,0,0,0,1,0,0,0,0
185,190,0,0,0,0,0,0,0,0,0,0
159,166,0,0,0,0,1,0,0,0,0,0
122,141,0,0,0,0,0,0,0,0,0,1
14,31,0,0,0,0,0,0,0,0,0,0
17,33,0,0,0,0,0,0,0,0,0,0
18,34,0,0,1,0,0,0,0,0,0,0
14,28,0,0,0,0,0,0,0,0,0,0
252,263,0,0,0,0,0,0,0,0,0,0
136,145,0,0,0,0,0,0,0,0,0,0
84,86,1,0,0,0,0,0,0,0,0,0
66,75,0,0,0,0,0,0,0,0,0,0
21,36,0,0,0,0,0,0,0,0,0,0
216,228,0,0,0,0,0,1,1,0,1,0
215,238,0,0,0,0,0,0,0,1,0,0
220,238,0,0,0,0,0,0,0,1,0,0
213,231,0,1,0,0,0,0,0,1,1,0
72,82,0,0,0,0,0,0,0,0,0,0
2,4,1,1,1,1,1,1,1,1,1,1
117,126,0,0,0,0,0,0,0,0,0,0
46,50,0,0,0,0,0,0,0,0,0,0
251,252,0,1,0,0,1,0,0,0,0,0
255,260,0,0,0,0,0,1,1,0,0,0
196,197,0,0,0,0,0,1,0,0,0,0
181,193,0,0,0,0,0,0,0,0,0,0
217,219,0,0,0,0,0,1,0,0,0,1
93,97,0,0,0,0,0,0,0,0,0,0
50,62,0,0,1,1,1,1,1,1,1,1
157,164,0,0,0,0,0,1,0,0,0,0
47,59,0,0,0,0,0,0,0,0,0,0
131,145,0,0,0,0,0,0,0,0,0,0
170,172,0,0,0,0,0,0,0,0,0,0
211,226,0,0,0,0,1,0,1,1,1,0
140,143,0,0,0,0,0,0,0,0,0,1
121,122,1,1,1,1,1,1,1,1,1,1
91,107,0,0,0,0,0,0,0,0,0,0
93,111,0,0,0,0,0,0,0,0,0,0
1,33,0,0,0,0,0,0,0,0,0,0
221,229,0,0,0,0,1,0,0,1,0,0
65,87,0,0,0,0,0,0,0,0,0,0
100,102,0,0,0,0,0,0,0,0,0,0
13,24,0,0,0,0,0,0,0,0,0,0
26,29,0,0,0,0,0,0,0,0,0,0
243,247,0,0,0,0,0,0,0,0,0,0
21,24,0,0,0,1,0,1,1,1,0,0
0,6,0,0,0,0,0,0,0,0,0,0
2,6,0,0,0,0,0,0,0,0,0,0
95,103,1,1,1,1,1,1,1,1,1,1
66,72,0,0,0,0,0,0,0,0,0,0
220,231,0,0,0,0,1,0,1,0,0,0
73,85,0,0,0,0,0,0,0,0,0,0
250,256,0,0,0,0,0,0,1,0,0,0
117,121,0,0,0,0,0,1,0,0,1,0
129,147,0,1,0,0,0,0,0,1,0,1
123,126,0,0,0,0,0,0,0,0,0,0
89,106,0,0,1,1,1,0,0,0,0,1
212,233,0,0,1,0,0,0,0,0,1,1
68,85,0,0,0,0,0,0,0,0,0,0
101,107,0,0,0,0,0,0,1,0,0,0
118,140,0,0,0,0,0,0,0,0,0,1
47,50,0,0,0,0,0,0,0,0,1,0
214,223,0,0,0,0,0,0,0,0,0,0
40,42,0,0,0,0,0,0,0,0,0,0
67,82,0,0,0,0,0,0,0,0,0,0
19,20,0,0,0,0,0,0,0,0,0,0
90,100,0,0,0,0,0,0,0,0,0,0,0,0,0,0,0,0,0,0,0,0
20,21,0,0,1,1,0,1,0,0,0,0
245,251,0,0,0,0,0,1,0,0,1,0
2,8,0,0,0,0,0,0,0,0,0,0
122,134,0,0,0,1,0,0,0,0,0,0,0,0,0,0,0,0,0,0,1,0
52,53,0,0,0,0,0,1,0,0,0,0
184,191,0,0,0,0,0,0,0,0,0,1
5,34,0,0,0,0,0,0,0,0,0,0
116,147,0,0,0,0,0,0,0,0,0,0
52,61,0,0,0,0,1,0,0,0,0,1
118,134,0,0,0,0,0,0,0,0,0,0
20,23,0,0,0,0,0,0,0,0,0,0
152,165,0,0,0,0,0,0,0,1,0,0
111,113,0,0,0,0,0,0,0,0,0,0
94,104,0,0,0,0,0,0,0,0,0,0
246,250,0,0,0,0,1,0,0,0,0,0
176,192,0,0,0,0,0,0,0,0,0,0
6,33,1,1,1,1,1,1,1,1,1,1
117,142,0,0,0,0,0,0,0,1,0,0
220,236,0,1,0,0,1,0,0,0,0,1
97,113,0,0,0,0,0,0,0,0,0,0
211,233,0,0,0,0,0,0,0,1,0,0
102,113,0,0,0,0,0,0,0,0,0,0
115,128,0,0,0,0,0,1,0,0,0,1
174,179,0,0,0,0,0,0,1,0,1,0
69,70,0,0,0,0,0,0,0,0,0,0
98,108,0,0,0,0,0,0,0,0,1,0
243,260,0,0,1,0,0,0,0,0,0,0
66,69,0,1,0,1,0,0,0,0,0,0
1,29,0,0,0,0,0,0,0,0,0,0
101,108,0,0,0,0,0,0,0,1,0,0
248,255,0,0,1,0,0,0,0,0,0,0
88,101,0,0,0,0,0,0,0,0,0,0
215,216,0,0,0,0,0,0,0,0,1,0
214,228,0,0,0,1,1,0,1,0,0,0
39,50,0,0,1,0,1,0,0,0,1,0
165,168,0,0,0,0,0,0,0,0,0,0
177,191,0,0,0,0,0,0,0,0,0,0
130,134,1,1,1,1,1,1,1,1,1,1
93,109,0,0,0,0,0,0,0,0,1,0
245,258,0,0,0,0,0,0,1,0,0,0
67,85,0,0,0,0,0,0,0,0,0,0
72,87,0,0,0,0,0,0,0,0,0,0
199,205,0,0,0,0,0,0,0,0,0,0
243,252,0,0,0,0,0,0,0,0,1,0
116,140,0,0,0,0,0,1,0,0,0,0
25,29,1,1,1,1,1,1,1,1,1,1
70,71,0,0,0,0,0,0,0,0,0,0
152,162,0,0,0,0,1,0,0,0,0,0
135,142,0,0,0,0,0,0,0,1,0,0
134,148,0,0,0,0,0,0,0,1,0,0
97,105,0,0,0,0,0,0,0,1,0,0
177,179,0,0,0,0,0,0,0,0,0,0
244,263,0,1,1,0,0,0,0,0,0,0
11,19,0,0,1,0,1,0,0,0,0,0
73,76,1,0,0,0,0,0,0,0,0,0
79,83,0,0,0,0,0,0,0,0,0,0
102,105,0,0,0,0,0,0,0,0,0,1
211,238,0,0,0,0,0,0,0,1,0,0
172,183,0,0,0,1,0,0,0,0,0,0
40,61,1,0,0,0,0,0,1,0,0,0
211,231,0,0,0,0,0,0,1,0,0,0
95,97,0,1,0,0,0,0,0,0,0,0
44,61,0,0,0,0,0,0,0,0,0,0
196,209,0,0,1,0,0,0,0,0,0,0
195,198,1,1,1,1,1,1,1,1,1,1
149,162,0,0,0,0,0,0,1,0,0,0
124,146,0,0,0,0,0,0,0,1,0,0
210,235,1,0,0,0,0,0,1,0,0,1
2,27,0,0,0,0,0,0,0,0,0,0
248,252,0,0,0,0,0,0,0,0,0,1
88,108,0,0,0,0,0,0,0,0,0,0
76,80,0,0,0,0,0,0,0,0,0,0
102,111,0,0,0,0,0,0,0,0,0,0
74,80,0,0,0,0,0,0,0,0,0,0
133,140,0,0,0,0,0,0,0,0,1,0
154,155,1,0,0,0,0,0,0,0,1,0
154,163,0,0,0,0,0,0,0,0,0,0
174,189,0,0,0,0,0,0,1,0,0,0
93,100,0,0,0,0,0,0,0,0,0,0
218,234,0,1,0,0,0,0,0,0,0,0
76,78,0,0,0,0,0,0,0,0,0,0
243,259,0,0,0,0,0,1,1,0,0,0
4,20,0,0,0,0,0,0,0,0,0,0
243,253,0,0,0,0,0,1,0,0,0,0
142,144,0,0,0,0,0,0,0,0,0,0
134,141,0,0,0,0,0,0,1,0,0,0
23,32,0,0,0,0,0,0,0,1,0,0
18,31,0,0,0,0,0,1,0,0,0,0
241,264,0,0,0,1,0,0,0,0,0,0
129,142,0,0,0,0,0,0,0,1,0,0
152,155,0,0,0,0,0,0,1,0,0,0
12,31,0,0,0,0,0,0,0,0,0,0
121,125,1,0,0,0,0,0,0,0,1,0
77,87,0,0,0,0,0,0,0,0,0,0
173,184,0,0,0,0,0,0,0,0,0,0
175,179,0,0,0,0,0,0,0,0,0,1
252,253,0,0,0,0,0,0,0,1,0,0
115,126,1,0,0,0,1,0,1,0,0,0
114,128,0,0,0,0,0,0,0,0,0,0
196,200,0,0,1,0,0,0,0,0,0,0,0,0,0,0,0,0,0,1,0,0
130,145,0,0,0,0,0,0,0,0,0,0
171,186,0,0,1,0,0,0,1,0,0,0
125,141,0,0,0,1,0,0,0,1,0,0
224,230,0,0,0,0,0,0,0,0,1,0
63,72,0,0,0,0,0,0,0,0,0,0
118,129,1,1,1,1,1,1,1,1,1,1
106,108,0,0,0,0,0,0,0,0,0,1
94,96,0,0,0,0,0,0,0,0,0,0
195,203,0,0,0,0,0,0,1,0,0,0
55,56,0,0,1,0,0,0,0,0,1,0
123,132,0,0,0,0,0,0,0,1,0,0
154,164,0,1,0,0,1,1,0,0,1,0
174,182,0,0,0,0,0,0,0,0,0,0
227,234,0,0,0,1,0,0,1,1,0,1
76,77,0,0,0,0,0,0,0,0,0,0
121,138,0,0,0,1,0,0,0,1,1,0
4,29,0,0,0,0,0,0,0,0,0,0
190,191,0,1,0,0,0,0,0,0,0,0
144,148,0,0,0,0,0,0,0,0,0,0
215,223,0,0,0,0,1,1,0,0,0,0
17,19,0,0,0,0,0,0,0,0,0,0
116,118,0,0,0,0,0,0,1,0,1,0
89,99,0,1,0,0,0,0,0,0,1,1
88,107,1,0,1,1,1,1,1,1,1,1
15,29,0,0,0,0,0,0,0,0,0,0
11,17,0,0,0,0,0,1,0,0,0,0
15,38,0,0,0,0,0,0,0,0,0,0
114,147,0,0,0,0,0,0,0,0,0,0
68,83,0,0,0,0,0,0,0,0,0,0
6,22,0,0,0,0,0,0,1,0,0,0
160,164,0,0,0,0,0,0,0,0,0,0
114,121,0,0,0,0,0,0,0,0,0,1
196,207,1,0,1,1,1,1,1,1,1,1
10,12,0,0,0,0,0,0,0,0,0,0
64,66,0,0,0,0,0,0,0,0,0,0
125,146,1,1,0,1,1,1,1,1,1,1
229,236,0,1,1,1,0,0,0,0,0,1
215,232,0,1,1,0,0,0,0,0,0,0
249,264,0,0,0,0,0,1,0,0,0,0
195,208,0,0,0,0,0,1,0,0,0,0
99,110,0,0,0,0,0,0,0,0,0,0
96,112,0,0,0,0,0,0,1,0,0,0
123,135,0,0,0,1,0,0,0,0,0,0
175,190,0,0,1,0,0,0,0,1,0,0
175,181,0,0,1,0,0,0,0,0,0,0
158,165,1,1,1,1,1,1,1,1,0,1
227,233,0,0,0,0,0,1,0,0,0,0
125,137,0,0,0,1,0,0,0,0,0,0,0,0,0,0,0,0,0,0,1,0
15,18,0,0,0,0,0,0,0,0,0,0
216,236,0,0,0,0,0,0,0,0,1,0
122,129,1,0,0,0,0,0,0,1,0,0
248,249,0,0,1,0,0,1,0,0,0,0
120,147,0,0,0,0,1,0,0,0,0,0
30,33,1,1,1,1,1,1,1,1,1,1
133,138,0,0,0,0,0,0,0,0,0,0
89,90,0,0,0,1,0,0,0,0,0,0
10,23,0,0,0,0,0,0,0,0,0,0
47,49,0,0,0,0,0,0,0,1,0,0
12,20,0,0,0,0,0,0,0,0,0,0
71,79,0,0,0,0,0,0,0,0,0,0
15,31,1,1,1,0,1,1,0,1,1,0
78,87,0,0,0,0,0,0,0,0,0,0
90,107,0,0,0,0,0,0,0,0,0,0
257,266,0,0,0,0,0,0,0,0,0,0
10,15,0,0,0,0,0,0,0,0,0,0
171,179,0,1,0,1,0,0,1,0,0,1
2,13,0,0,0,0,0,0,0,0,0,0
115,146,0,0,0,0,0,0,0,1,0,0
185,188,0,1,0,0,0,0,0,0,0,0
40,54,0,0,0,0,0,0,0,0,1,0
178,194,0,0,0,0,0,0,0,0,0,0
179,182,1,1,1,1,1,1,1,1,1,1
222,224,0,0,0,0,1,0,0,0,0,0
9,32,0,0,0,0,0,0,0,0,0,1
260,261,0,0,0,0,0,0,0,0,0,0
175,188,0,0,0,0,0,0,1,0,0,0
155,160,0,0,0,0,1,0,0,0,0,0
5,13,0,0,0,0,0,0,0,0,0,0
255,265,0,1,0,0,0,0,0,0,0,0
4,12,0,0,0,0,0,0,0,0,0,0
121,136,0,0,0,0,0,0,0,0,0,0
120,138,0,0,0,0,0,0,0,0,0,0
241,256,0,0,1,0,0,0,0,0,0,0
178,188,0,0,0,0,0,0,0,0,0,0
262,264,0,0,0,0,0,0,0,0,0,0
121,148,0,0,1,0,0,0,0,0,0,0
245,247,0,0,0,0,1,0,1,0,0,0
89,97,0,0,0,0,0,0,0,0,0,0
170,185,0,0,0,0,0,0,1,0,0,0
13,16,0,0,0,0,0,0,0,0,0,0
11,24,0,0,0,0,0,0,0,0,0,0
242,255,0,0,0,0,0,1,0,0,0,0
12,29,0,0,0,0,0,0,0,0,0,0
0,31,0,0,0,1,0,0,0,0,0,0
59,61,0,0,0,0,1,0,0,0,0,1
71,76,0,0,0,0,0,0,0,0,0,0
78,80,0,0,0,0,0,0,0,0,0,0
126,144,0,0,0,0,0,0,0,0,0,0
127,147,0,1,0,0,0,0,1,0,0,0
171,176,0,0,0,0,0,0,1,0,0,0
139,140,0,0,0,0,0,0,0,0,0,0
115,141,0,0,0,1,0,1,0,1,1,0
100,101,0,0,0,0,0,0,0,0,0,0
229,238,0,0,0,0,0,1,0,0,0,0
65,73,0,0,0,0,0,0,0,0,0,0
171,184,0,0,1,0,1,0,0,0,0,0
197,206,0,0,0,0,0,0,0,1,0,0
103,113,0,0,0,0,0,0,0,0,0,0
180,189,0,0,0,0,0,0,0,0,0,0
8,18,1,1,1,1,1,1,1,0,0,1
128,145,0,1,0,0,0,0,0,0,0,0
5,18,1,0,1,1,1,0,1,1,0,1
241,251,0,0,1,0,0,0,0,0,0,0
39,41,1,0,1,0,1,1,0,1,1,0
124,131,0,1,1,1,1,1,0,1,1,1
120,131,0,0,0,0,0,0,0,0,1,0
258,259,1,1,1,1,1,1,1,1,1,1
42,46,0,0,0,0,0,0,0,0,0,0
